0.950055593591
0.931254109501
0.916936981879
0.90485112869
0.891478572426
0.886904130487
0.884537838285
0.880967592736
0.879823578122
0.8751568089
0.874261665333
0.873134171929
0.87004531279
0.867359453187
0.866482880751
0.864994568705
0.863263585073
0.862709503596
0.861766821954
0.861265467984
0.857864501696
0.857338114853
0.856313897631
0.856213382654
0.855374745217
0.854571138912
0.853528213341
0.853200272075
0.852572535267
0.851616049076
0.852233488929
0.851858948608
0.850869421964
0.850650481497
0.850566145887
0.850368201144
0.849548151537
0.850169410805
0.849573936437
0.849752882552
0.848872297753
0.847838389355
0.848472077827
0.847858310031
0.848027942806
0.847784121706
0.847494230871
0.847637638352
0.846052319484
0.845334405467
0.845272005938
0.845446052806
0.844708188787
0.845883103486
0.846070098334
0.845384195573
0.846680216089
0.846414343659
0.845424752016
0.843966576384
0.844349235429
0.844545260023
0.844741451765
0.844420106574
0.845165068457
0.844712481508
0.8448757201
0.844296666752
0.844378082053
0.84381089308
0.843910030118
0.844102864458
0.844432726593
0.844435949317
0.844334953093
0.843907271571
0.843688768563
0.844014747785
0.843611270758
0.842530747253
0.842879967651
0.84281722518
0.843012270496
0.84249324517
0.841422813687
0.841655244964
0.841663262861
0.841632305206
0.841649479504
0.840297240984
0.839612452693
0.839747163845
0.840909929259
0.840542752906
0.841278446141
0.842196310836
0.842303315784
0.842403316508
0.841552864724
0.842091234161
0.841391558424
0.841263693808
0.841093122844
0.841304676885
0.841670652343
0.839889160548
0.840798703282
0.840496214417
0.840746905355
0.840475941847
0.84085197273
0.839833077418
0.840168594936
0.8392386717
0.839671763838
0.840053438098
0.839451153592
0.840448755907
0.840094102703
0.840777756869
0.840084714933
0.840021160972
0.840275420135
0.840027887009
0.840553552399
0.839809902534
0.84053806757
0.839634452435
0.839581952878
0.84040662899
0.839443482064
0.839183620218
0.83917019767
0.839485408985
0.839469204696
0.838880405498
0.838347323921
0.838695009271
0.837676986648
0.838336009599
0.839592911454
0.838933561755
0.837986113632
0.838367254928
0.837516001515
0.838527851616
0.838641371811
0.839135703362
0.83898924728
0.839711251727
0.839835387654
0.837804672285
0.839557984705
0.839236773958
0.839861181974
0.84056427206
0.839718261645
0.840387145032
0.839838819037
0.839799883865
0.840052860502
0.838409371719
0.839411445165
0.839530148006
0.840418736194
0.838726338614
0.839943184172
0.83971606807
0.839508461637
0.839815039202
0.840210165524
0.839964162903
0.83936311884
0.840447392842
0.840112182258
0.840335489173
0.839642701928
0.838766445409
0.839602640308
0.839721704906
0.840059292824
0.840284538279
0.840454910098
0.839646781489
0.840477644443
0.841102624712
0.839069655929
0.839298980099
0.840232050518
0.83997937845
0.840440539138
0.840435924932
0.840791587865
0.840268591373
0.840118337885
0.840718944105
0.840501310885
0.840280422712
0.841290859208
0.840817064803
0.840816844379
0.841001895702
0.840453262007
0.84105005935
0.840588221745
0.841448842272
0.841433163161
0.84077571439
0.841486621484
0.840275278361
0.839668676323
0.840426317144
0.839494352537
0.840379929674
0.840705034639
0.840158437212
0.840180300542
0.840029062226
0.840318641397
0.840683581054
0.840286303885
0.841010047162
0.840142359034
0.840865835519
0.840717738059
0.840876937353
0.841084082392
0.840396969696
0.840428886542
0.840191185605
0.840705405404
0.840197323877
0.840918820302
0.839922442882
0.839713180111
0.840686266542
0.840854661516
0.839999476173
0.839744930837
0.839999485362
0.840214163432
0.840092961432
0.839240093374
0.838347785998
0.839551640892
0.839343539542
0.838382843462
0.838335240346
0.839203358256
0.839401009052
0.839525322404
0.83966164409
0.839644639364
0.839728339386
0.839242600667
0.840116470814
0.84094626006
0.840213093566
0.839645863189
0.840058982211
0.839996202448
0.839590784148
0.840330538324
0.840654384944
0.840034970772
0.840240755174
0.840376675376
0.840668428964
0.840307368836
0.840465877233
0.840499486769
0.840939528439
0.840769039541
0.840491448993
0.840219688665
0.839954739621
0.840372384098
0.840321415392
0.841090728686
0.839644098292
0.840300642711
0.839861627587
0.840362325235
0.840375474238
0.840130022105
0.840400553728
0.840428711543
0.840217845608
0.839796775253
0.84058825543
0.840906149942
0.840512944238
0.841236322312
0.841131122352
0.840713743456
0.840956847316
0.841142155048
0.840794542602
0.8408518664
0.84140018373
Mejor CH = 001100010010101011000001101111101010100100101001010100000000111000010000101110111110100000000110001110011010100110110101110111100101010110100011001010000010011111100001101010000111000010100101011100100010101110110000101010011101000110010001111000000000111100100000101011111011000010001111110100010001001110010101011111101111100010110011010100011011100101101000101111000011000010111100 con ft = 0.837516001515
