756.621180697
627.99340781
658.22773204
640.417599028
641.912825635
631.482088231
595.377099714
608.725822
595.476530835
617.547115273
553.609641189
599.094067159
616.584724159
588.726378536
590.43599551
565.160331341
536.512375666
574.664423594
575.691370828
550.534098501
596.336962398
534.44268401
519.6372147
551.681063907
559.234947422
519.072866931
522.88560145
561.853579457
522.895754191
519.580756542
505.635995175
523.814525368
546.939349551
491.234296756
564.251657019
542.060685779
538.445712374
503.206655892
514.807899466
547.558091126
527.409988054
491.085956708
474.816212741
512.891458208
530.530372369
521.092161216
483.247499001
525.070685505
500.451604943
514.25615412
508.05164356
473.355550678
431.501978141
484.83254835
498.295095601
479.566758487
520.548982184
498.039921151
475.538863674
441.318190221
494.737706481
479.363144546
493.995028187
472.596434097
438.991480306
500.906682685
454.490396868
482.426974358
460.836228822
464.227225314
467.476668219
456.551080309
451.774352279
440.258398482
465.515807212
463.087455192
447.201082353
428.622722433
432.002550035
415.458107531
497.542837734
443.319160381
490.96234357
422.832594658
467.458925168
461.591494623
488.842263531
452.308223441
479.215960637
460.250152396
453.231479557
390.333764717
418.242533626
425.806131673
466.339981797
444.531393543
393.454606217
414.406762373
432.996528174
474.312302743
449.495596546
473.111839098
356.649683386
439.209522767
439.905299812
424.300825313
430.047145922
414.352453069
445.792414991
421.0542195
464.088930946
431.961081035
478.677935425
447.521319395
453.475665099
422.640677428
435.558904451
406.07936814
438.446079381
407.103643621
430.767931981
429.621326027
397.88001033
421.502983605
410.224933302
390.142846656
403.135302789
412.775183596
424.806722015
395.466700318
430.117018018
426.775675251
408.682540339
390.380631233
447.795134074
406.538203142
436.563647328
394.275312308
417.289758301
469.072588866
451.985622974
408.500500222
456.363178359
395.952185987
446.92407794
359.773322484
449.688947102
397.478603999
402.239460975
388.734107939
445.944069121
434.463553972
401.626301603
453.840896992
431.509694071
455.448820723
443.890525729
431.748222954
438.066423775
378.020676569
389.608996345
422.844085279
423.467810052
421.787347592
462.87449855
491.089441259
442.44874812
416.878313301
445.82296454
449.60504408
394.114836452
436.825427405
426.559861469
430.871383935
472.186563612
422.011723611
425.792574182
416.893284222
425.347967026
411.267178192
425.087856377
468.287835172
432.135743563
468.263681234
452.074706943
452.472216977
415.613558362
409.909787046
409.903561912
440.21177196
344.593611556
374.572336934
408.994364993
437.518745342
449.693289774
481.092433839
459.052659381
470.663603186
413.622521091
461.743838705
451.361753336
475.17607841
487.131520273
477.714684682
511.202892873
492.555680058
505.33541637
464.192388093
468.936777932
477.986304328
483.188238403
472.089467601
434.506739078
470.590227965
456.42084306
462.880885385
478.996786641
405.423120241
488.591483139
475.453216566
475.056246659
459.894760346
440.477247352
487.114154619
495.386659452
456.240648503
453.828593292
464.48823479
440.912476925
457.983841885
446.016303261
465.292416512
484.848539178
494.662897024
492.568642383
440.345223222
489.992152442
485.136150894
468.756189679
493.880272336
485.190655307
482.449827428
464.898698808
483.942601686
491.669474581
482.785171063
460.044330507
462.761952295
473.979292305
480.156543488
489.854105565
497.498436203
469.472404621
415.058196641
488.273665138
420.920437722
533.601766635
516.581920981
491.990323067
456.578513729
501.315337564
452.79226921
425.000925634
476.436974147
471.771573587
488.393061958
439.375030402
409.209287932
436.890974157
501.140879082
490.093113122
489.75022715
506.761034736
395.20121083
447.821253799
472.490275311
454.357348385
484.206534717
423.127947803
469.341529626
497.473987234
395.80523096
462.298811523
455.926444668
430.386449831
486.893426202
465.464289733
456.561386927
446.005908628
431.529832877
429.163411616
489.410313493
453.255311966
491.926922744
468.44152498
487.661649704
443.586618879
480.632755423
496.835777724
479.386070897
Mejor CH = 110010010110100001001011011001111011001011100111011111111001110010000001100000001000001101001101100111100110110010010111100000111010001101001110011111111001010110000000011011000100110110110111110001111011001001101011011000111011001010011010011111100110101101100110011110010111111101101011110110011000000101001111101100011011010101010100011010111000001001010101111001100111111101000010 con ft = 344.593611556
