0.901140808153
0.903574588784
0.892978740497
0.88381580491
0.875348378057
0.871386120819
0.864922717749
0.86100177551
0.860841244117
0.856334048726
0.857204442426
0.852614621036
0.850789046051
0.851606570524
0.843538126096
0.838630297444
0.840257012228
0.839246887587
0.841442825292
0.834362821534
0.832728355001
0.828968948986
0.831910326844
0.827966129764
0.824422242978
0.826966949428
0.823021941001
0.824049293938
0.820535547612
0.824958207685
0.820513728692
0.820783725598
0.814267795824
0.810298523782
0.807783201727
0.808569673306
0.806536660358
0.807676541938
0.807282242567
0.807319817143
0.804208992288
0.804576537696
0.803361796666
0.803669138539
0.805031916991
0.806667250597
0.803483260763
0.79928400616
0.803990182611
0.804442687888
0.804745665265
0.798152660304
0.806158552022
0.805660567635
0.802049312945
0.805460328802
0.799967005941
0.800431547648
0.796074146966
0.799022548701
0.79744512015
0.800837936291
0.790878387264
0.803535727562
0.796649138563
0.799179080383
0.799278152042
0.793734336032
0.791562807626
0.791028890163
0.789929582956
0.793314629523
0.795916795375
0.795410868642
0.792841173393
0.792615946924
0.795750599443
0.797000491155
0.793159403456
0.792910328247
0.792020442335
0.793712309711
0.794571161555
0.794890501589
0.797533024492
0.794896829393
0.793574745652
0.792617277558
0.789366831943
0.790184216282
0.789209985519
0.79257640326
0.785941562839
0.78756079849
0.790174777213
0.789331107009
0.791832055029
0.790298486526
0.79121174603
0.786164581338
0.791084934462
0.787708224381
0.786338527169
0.791480762956
0.784871432524
0.782835848859
0.781135982193
0.786035215104
0.783557664843
0.787226811301
0.78364905663
0.784274181764
0.782746934212
0.788305014438
0.785349889655
0.777781037129
0.782612382349
0.7833549594
0.78317851426
0.783524058623
0.782696861792
0.78256853733
0.785012517454
0.785913249189
0.786345523762
0.778720841777
0.783816857736
0.78477762121
0.783868038565
0.783446990054
0.782201668013
0.778070636337
0.780991531286
0.782494141322
0.779855909175
0.778478064325
0.780375290099
0.778880937494
0.776912975331
0.779351207272
0.775673831579
0.777971791202
0.774599225518
0.777199637093
0.77931924626
0.774516118452
0.779571782749
0.774261539711
0.778564153669
0.778893946531
0.777378019294
0.780589167272
0.779391486884
0.77952070409
0.77846900455
0.776902527475
0.775636660382
0.7804833321
0.779425334248
0.776843639361
0.773901180877
0.773924731584
0.77820135795
0.774351473493
0.777116605596
0.775848226197
0.777871461442
0.779597706397
0.77909293028
0.774520783662
0.777780412524
0.779122068843
0.775421612403
0.778923965481
0.779804333271
0.774029626704
0.773075132049
0.772883853518
0.771052967331
0.769593521743
0.772300437193
0.771201778459
0.767574939183
0.772139882379
0.76916005645
0.770280453171
0.765694550541
0.769883819218
0.769989213103
0.769743890571
0.7670040082
0.766679823361
0.761147486205
0.763023420749
0.765102586686
0.767624820907
0.768336677191
0.771812281634
0.765815635224
0.770493222855
0.771975795207
0.767953582386
0.770472330328
0.765580122645
0.765958264134
0.768810613644
0.769304438921
0.769906710909
0.767079970646
0.768017812027
0.766974490034
0.768173674786
0.771610322302
0.773529922799
0.772319658372
0.770071392948
0.764510940452
0.769122532801
0.76967282159
0.765767573665
0.768117754429
0.766134996225
0.763202047536
0.766163777758
0.76461066255
0.761949964915
0.762825010912
0.763083100801
0.766672176877
0.768540061194
0.763892818603
0.756148254701
0.762289394989
0.760702769973
0.76385427021
0.762794651171
0.764641552985
0.761215302194
0.763230602142
0.762245620993
0.761390914513
0.751981562165
0.757782188328
0.755803819389
0.755557772869
0.75474529179
0.757937366305
0.753613621879
0.755753844055
0.755261917391
0.756907492891
0.75744914892
0.760784463123
0.753685409995
0.753168318231
0.75947194949
0.75438170223
0.747604386838
0.75657249664
0.746204561852
0.747008770302
0.747854470702
0.745608656339
0.742901053538
0.742047610099
0.741443694402
0.741298594381
0.74806153952
0.742643400332
0.744320475585
0.742871860392
0.745413524501
0.742390873547
0.743807130076
0.742415065313
0.745232987485
0.742913947043
0.744822143155
0.746900461184
0.743782790774
0.740618660009
0.744888697414
0.748512394714
0.746866306303
0.751087912971
0.747624837397
0.747350570404
0.746204691286
0.745984030532
0.748999106101
0.748382568547
0.745850128415
0.74452077616
0.741961920028
0.744853129883
0.746259300141
0.747620674308
0.749416872105
0.741540751936
0.7494188269
Mejor CH = 100110001010001000110000101011000001000010000000000000000000000000000000000000001001010100000000000111010000100100000000000000001011000100100001100100010011000010010001000010000000000000000000001001110100001100000000000000000010100100100100101100001100000010100101000000100000000100100010001100010100111000000000000000000000000000000000000000000000000010110001100100001011100100000001 con ft = 0.740618660009
