0.916677906967
0.901522612769
0.898850711807
0.887940751887
0.889765407947
0.881593441517
0.878853679016
0.870553330583
0.863510436804
0.869678276963
0.863683174938
0.865429298396
0.85937953284
0.860079528399
0.859325563973
0.862997215736
0.858650689327
0.858528078211
0.858682722333
0.855089721828
0.846708032228
0.852102240095
0.846720323285
0.849061888293
0.845955489056
0.849379059046
0.842774678952
0.836850917924
0.840845095192
0.834956606211
0.842948401644
0.838967255691
0.8337174162
0.838872164107
0.838660644261
0.837345629852
0.83353681689
0.834919443648
0.83575531122
0.834932346652
0.836706438889
0.835953644091
0.835110889409
0.835917345392
0.835492836497
0.825366351466
0.834904272616
0.832715954772
0.830062598215
0.832588408751
0.830133062268
0.828973469612
0.82769657815
0.830766256805
0.832682131962
0.82694117984
0.827707542957
0.831982615804
0.830516175982
0.828612064205
0.828909376667
0.817146725433
0.816808954397
0.821554737819
0.818197346261
0.813937041916
0.816614509939
0.811116230443
0.819710358036
0.810065151425
0.817714409323
0.811467188827
0.814798198835
0.809250081476
0.813942593047
0.810312316537
0.816763686411
0.81762999994
0.818689711097
0.818086168289
0.822096752614
0.814703106474
0.816954582087
0.816844654
0.816343260834
0.815207045723
0.811253110903
0.812063955503
0.81344798389
0.813661951976
0.811121219486
0.816263814419
0.815745754443
0.818671735344
0.808776952595
0.812257810224
0.815201700339
0.810425205778
0.818644568797
0.81808430044
0.817606047504
0.819773475978
0.815649064539
0.816960950512
0.816393162832
0.823020587208
0.813262213691
0.81848847071
0.816574763392
0.818586492535
0.816537233658
0.811101455133
0.815506880952
0.819807211007
0.814782687193
0.815018504212
0.817310758088
0.821026213897
0.816083338071
0.815557269186
0.816908828827
0.816499470724
0.820984215717
0.821893077466
0.816888501448
0.819329456537
0.818932673136
0.814598390605
0.822877408329
0.815363323858
0.82160425646
0.816698249083
0.815465359034
0.812083817392
0.813319243625
0.814287385393
0.814795526313
0.818307512198
0.817206345717
0.816347103615
0.817840455014
0.817317478705
0.814489303469
0.812629791758
0.807937243897
0.817157034602
0.81854205013
0.820549793147
0.819770914642
0.817585615971
