0.909488635301
0.905488834057
0.885871519041
0.888403146911
0.879669645475
0.879102145799
0.874351837618
0.867269651893
0.868870002248
0.865782449557
0.863264789007
0.856145186728
0.857217665463
0.858358633306
0.860997638513
0.852129451905
0.852215601342
0.853647507658
0.846095853877
0.851994652548
0.84893029342
0.850250331036
0.844974968047
0.849537469038
0.840638106561
0.842468566017
0.842438905716
0.842558133356
0.834618074169
0.834188338111
0.839216882762
0.838929806918
0.836551910397
0.838769291123
0.842942293227
0.835543048984
0.839585372802
0.835701353993
0.82887231864
0.829661086661
0.83157504023
0.82956433465
0.827518372118
0.822665141414
0.828780857789
0.825330971437
0.827092259403
0.826111942935
0.83365290029
0.827331465174
0.829916064378
0.828353739978
0.834892643708
0.828296656944
0.834655220541
0.836068605681
0.836677367902
0.829824047716
0.833745233847
0.834120529373
0.828433059271
0.829088731346
0.834185672166
0.832832680137
0.834893581307
0.834705062502
0.838880547688
0.839314809928
0.838243096299
0.837492553209
0.836133277773
0.845194948965
0.843333371933
0.841231680904
0.840214998007
0.834971843158
0.832674114503
0.8341662897
0.83746514571
0.827368731072
0.832492024028
0.826050960271
0.835412526229
0.833429521011
0.829710059067
0.83445445976
0.835679365514
0.828175925784
0.829784331699
0.832306891715
0.835125549594
0.825075117117
0.833761301178
0.83250388514
0.82646814272
0.834061976298
0.831906576269
0.832102636917
0.829372366945
0.829513990522
0.832462729677
0.829068831369
0.823004155343
0.814990625959
0.827889538603
0.826324959311
0.82133696376
0.823491513165
0.82753162767
0.829849888191
0.833431255684
0.828866203061
0.837217874975
0.830403834444
0.832677705887
0.829669551845
0.82837916533
0.828272560402
0.819255180723
0.825118712313
0.823512892023
0.821268194255
0.816620591707
0.828207963193
0.824297619247
0.827748056082
0.824471939325
0.831235915097
0.828012231482
0.829363861643
0.825070622386
0.828799330746
0.827091339424
0.821340320646
0.828397880859
0.817358072965
0.824852190261
0.830389356686
0.827502501239
0.823814923626
0.818825784493
0.822087179574
0.822010433503
0.826210173926
0.821962513761
0.823138094886
0.824654585204
0.822249966859
0.814611538021
0.824274098054
