0.912903260455
0.908619650095
0.895184051094
0.881338417821
0.879550025201
0.863534210068
0.872859622711
0.863992932805
0.861255529217
0.863454563252
0.859768481433
0.857153843022
0.853883326951
0.855172897797
0.855560766224
0.85472332429
0.852411858397
0.852546698156
0.849567304027
0.850468613965
0.843750143164
0.849161626287
0.845578178994
0.844925840334
0.843075931352
0.842331614506
0.844095019827
0.841506223577
0.835854464429
0.838879000411
0.836384997811
0.83477240052
0.837213511548
0.833628087187
0.833428102831
0.826251796311
0.832429093026
0.834446844775
0.829661854919
0.824673133251
0.825457580542
0.82192493287
0.820483263774
0.826981405931
0.823348340537
0.822843470412
0.822214880081
0.822777515987
0.825824228705
0.823113580708
0.821716304584
0.820699752807
0.813134580106
0.820394437411
0.820680224028
0.814957740532
0.815067584709
0.81621292099
0.814044819098
0.815241140687
0.812187135942
0.816466491756
0.81777824206
0.814535164859
0.815049648699
0.811131243008
0.81233973364
0.809882142359
0.811868042309
0.815620644241
0.811591138611
0.814059816212
0.816585017762
0.814644782911
0.812913036191
0.812147970967
0.813731976783
0.809325200504
0.806231616875
0.810218370924
0.809031162907
0.811024385476
0.810555442663
0.814873159173
0.812968340131
0.811839289657
0.810732934331
0.810386231718
0.809494171015
0.813187900787
0.816919275896
0.808752407794
0.810332436481
0.805255465565
0.810619645533
0.813825063514
0.804851716828
0.805041800542
0.800595359991
0.803230288568
0.800669753399
0.801842177001
0.799901812418
0.798124197541
0.795050737792
0.796102969035
0.795004270444
0.793128804474
0.801024556577
0.797054100676
0.797094145971
0.79630593527
0.799585034211
0.801742447697
0.803263520281
0.794731534855
0.796550375289
0.794152097177
0.794087957549
0.794965828865
0.792783496889
0.794090108341
0.790509710676
0.791543199174
0.794895990179
0.793389008927
0.791623971157
0.790651442881
0.792288510684
0.795675067732
0.796251808689
0.791789964195
0.789497555465
0.794781314563
0.794110969132
0.790398663179
0.793035524306
0.793533263242
0.797492850205
0.793184438434
0.791727493881
0.79080909565
0.791458963646
0.792439509085
0.790629629696
0.790220536539
0.790613744064
0.794102966767
0.78812623594
0.794313201953
