0.91356429333
0.902946204306
0.892148209305
0.893400581633
0.884613302297
0.882317640818
0.877074230172
0.86441057203
0.866258374822
0.864951360342
0.86286382085
0.859045974159
0.854905727111
0.859324343469
0.86063670463
0.846076299757
0.849520284717
0.849249027806
0.84658639456
0.843010393592
0.851554306401
0.849150831328
0.845041934647
0.844901642594
0.845743981189
0.844649921374
0.844901499862
0.84210126319
0.841471551853
0.842000508097
0.837506531586
0.837917422086
0.833566968813
0.838880705581
0.831668833792
0.83392172579
0.832181121715
0.829518346436
0.827129164315
0.831356433676
0.832213781906
0.829900104438
0.830777714985
0.828633459153
0.832785520634
0.832603725862
0.831924649083
0.830695477025
0.827425162563
0.830418662922
0.828928308935
0.827947967622
0.828333721309
0.827207073824
0.824002708393
0.823523567934
0.825700631192
0.823162781296
0.820700274984
0.824222252777
0.824395946488
0.823702456471
0.816592866986
0.821608192995
0.817678669212
0.817232670021
0.822166876315
0.813587265419
0.818604848216
0.814435880538
0.818493378199
0.814184693403
0.814848171805
0.817939061683
0.815830431395
0.816053149949
0.816638647326
0.814388313133
0.818583462849
0.816687501071
0.818910056306
0.820674742177
0.82022644773
0.815743569231
0.817507503305
0.822353162936
0.819823687973
0.813661733527
0.808159461035
0.817975217355
0.819810311415
0.817199239653
0.820103232024
0.819755311216
0.818926306729
0.819408422893
0.821798190749
0.814656370411
0.817913573872
0.815598964918
0.816463332122
0.818666089118
0.815257042165
0.815853877446
0.815035156229
0.814325625991
0.816830331835
0.815986265679
0.816866167875
0.814894671257
0.816639116198
0.817828206489
0.813679362672
0.814983154224
0.818486899101
0.81801421181
0.816059385384
0.814094144036
0.819995316964
0.819991429667
0.805490297897
0.816471825899
0.814697844194
0.812956825158
0.813014624715
0.810251935971
0.807042872131
0.812154522334
0.810612688317
0.806338569358
0.800993171805
0.80260878397
0.800806025872
0.802998990643
0.79924803034
0.801731624108
0.79764563871
0.800664881452
0.800822545375
0.800278446303
0.800805792847
0.802755356162
0.795664554025
0.803561612492
0.79965257465
0.802647034175
0.79785645203
0.797829769436
0.792686113707
0.791611275066
