0.910521590055
0.902451015328
0.896233703078
0.895040662729
0.885717845935
0.886784231469
0.878844889462
0.881551734248
0.87565489847
0.868103867956
0.86784109158
0.869239360075
0.868086317497
0.862403082357
0.862298567017
0.864523505343
0.86422514258
0.861808048101
0.860606431788
0.856543302939
0.851007954688
0.854880415472
0.855811561294
0.854561159649
0.849054659676
0.849041107683
0.848332253121
0.848465533589
0.84891938976
0.848707764031
0.84737383065
0.847279278534
0.844469604705
0.842163980779
0.840978227813
0.842026130661
0.840800468065
0.840882734459
0.840380512404
0.840105585762
0.836852164965
0.836047748291
0.834517127694
0.838458276299
0.836516445912
0.836553425309
0.834648377116
0.833029662879
0.835207952612
0.836729183311
0.833930136184
0.835777207224
0.830748394148
0.830098321938
0.83000218648
0.828552545856
0.822717391689
0.828330752518
0.820466482946
0.823270717219
0.824627906377
0.82220326137
0.824139992378
0.821273373227
0.823295898978
0.818294106464
0.822711722336
0.818971877927
0.815043199049
0.81039512943
0.811275122967
0.808023062617
0.807944353858
0.805282650423
0.804953758931
0.805083862597
0.800507323018
0.798143648251
0.803263206033
0.802195691687
0.798675314632
0.797820529289
0.802258127141
0.798630202105
0.799969165709
0.802632083681
0.802409513816
0.797265516577
0.802373804014
0.796613748391
0.79650044377
0.796233544017
0.797608492204
0.79773491081
0.799181476065
0.798005241317
0.799329254046
0.798984616554
0.796446857594
0.799098855204
0.801048874783
0.798429143178
0.79218027601
0.79486801066
0.797118890563
0.799771452735
0.795363723616
0.796911725903
0.797255208666
0.797218366088
0.792862586027
0.798021576961
0.799443785591
0.797052291817
0.797604687434
0.795629564998
0.795085800693
0.793288924598
0.791627033387
0.794472927072
0.793019610615
0.796006515893
0.794487423402
0.796806998291
0.795820810563
0.7987441977
0.795939118976
0.795419331998
0.793514681613
0.788848196252
0.792479678181
0.791480421817
0.79022126882
0.788493651915
0.788082003626
0.791023680997
0.79358834209
0.789853233309
0.794572489935
0.791390907486
0.789320522401
0.790649756521
0.791479844655
0.793730761331
0.788502570871
0.789363184958
0.789247689197
0.792398006148
0.78823372279
0.787726903175
