0.918295530947
0.905364588397
0.902695186108
0.891901292742
0.886116932328
0.885447299945
0.884953249051
0.87647213137
0.873458045371
0.870137211608
0.867530102414
0.8665928112
0.861064186431
0.86152706892
0.854744835556
0.858780455017
0.859111084536
0.852954767134
0.852839357454
0.850699469908
0.854552903518
0.846877215575
0.84501528438
0.848244116303
0.844771261502
0.845887728485
0.839053823082
0.839890783575
0.840845430883
0.839074480429
0.839661804699
0.835546035974
0.836412921103
0.83665558623
0.834626246039
0.83430904043
0.833046685273
0.827938743572
0.831737077463
0.832212267049
0.828991313446
0.832068988839
0.832724718393
0.828839631577
0.828928873551
0.833113741462
0.830604215659
0.827004443057
0.828122302212
0.82671070936
0.823900955667
0.822837462779
0.82406348624
0.819741229994
0.823499894988
0.819253955407
0.817295040733
0.817700843194
0.819757923992
0.820612260804
0.818525146463
0.82040225439
0.818778166476
0.821760063763
0.821003356499
0.823419324884
0.820001359744
0.816982767192
0.821956922886
0.82206678938
0.820483153093
0.82175674747
0.824949363667
0.822365771591
0.82199510006
0.819177506266
0.818925476422
0.819539038016
0.821922306064
0.818369391865
0.818133257792
0.818606194848
0.817664202852
0.816949127205
0.815862184867
0.816929446431
0.814691737096
0.814321126497
0.814995548207
0.810262679111
0.809994559834
0.80629172397
0.806017313951
0.802549195365
0.805595914186
0.798075905811
0.805504072637
0.80160487347
0.802577679894
0.79688122808
0.801728143494
0.800531077816
0.799657586337
0.801967374895
0.799207088834
0.797265849548
0.789468073955
0.797401317281
0.798911914162
0.800777720219
0.798197138675
0.800235611259
0.801105207928
0.799761254251
0.798160439497
0.799075745578
0.797584937568
0.803474010478
0.79577006997
0.798618753031
0.795846224234
0.79366101696
0.794931116125
0.79345039821
0.793500262431
0.789393775863
0.788653603758
0.78880332678
0.791407078179
0.791039130072
0.794564177349
0.789882272798
0.791395953369
0.795272292166
0.791253278905
0.797471543841
0.792468524775
0.787033774412
0.789187890516
0.794728349862
0.794273707201
0.793752823162
0.792766059401
0.794228666364
0.790749184735
0.794809479251
0.789813540306
0.788460460304
0.795232748007
0.790494050795
