0.913881762149
0.899048330029
0.892526243267
0.890528067696
0.881257328602
0.879910661124
0.87941856488
0.873950841611
0.865416997826
0.860270956706
0.861927819585
0.860807651886
0.857412374494
0.852450121171
0.852746047634
0.851229869119
0.85352407385
0.848599585223
0.847629892177
0.838948926913
0.844114488472
0.842947189195
0.84168598301
0.840420962178
0.837123679634
0.838262154941
0.839040136511
0.837977606499
0.835663685185
0.835978479642
0.835764536051
0.837538184893
0.838455792071
0.836607889055
0.83572372386
0.834626915379
0.835303555777
0.83418296175
0.831810091442
0.831851754127
0.826786882278
0.832298848157
0.831021797936
0.826417549201
0.829035446411
0.82684133724
0.824399449748
0.825976873957
0.82516706489
0.818141228438
0.821125572883
0.816933509156
0.814528905769
0.817719616242
0.817153689145
0.815614685537
0.817870319154
0.814242333142
0.812591268109
0.814662285177
0.815317109636
0.819368022181
0.817802840774
0.814084921459
0.811211615398
0.813254238
0.813702232704
0.812831383548
0.808085766725
0.809667603493
0.810885284126
0.811045621939
0.810701757355
0.809067642215
0.810760406685
0.811123024457
0.805822004376
0.807993617637
0.810176022042
0.808865757416
0.801764409566
0.803895031984
0.80761219193
0.806965545094
0.80709852287
0.806224215152
0.803704425428
0.803874092161
0.802575134181
0.804784944593
0.807111453462
0.801124292866
0.803352682468
0.801655249679
0.803152437307
0.798638780979
0.806418341481
0.802735228366
0.805575186778
0.804416409092
0.808789197131
0.802307967115
0.800394647438
0.799999555377
0.801893048305
0.799544949435
0.795261233621
0.796315210013
0.789880656219
0.789524418922
0.793139598142
0.79095041374
0.789542380574
0.789554196473
0.786408424437
0.789626044817
0.782417634658
0.788383302824
0.786676579137
0.786875705192
0.781118629074
0.785801688043
0.78596027826
0.785614862933
0.778063970968
0.78332731557
0.78070331509
0.787157385813
0.776929924261
0.782022765536
0.782724149888
0.780661981896
0.778152682945
0.779274968454
0.778412594478
0.779747775713
0.775302370913
0.774996719387
0.77422528218
0.778039278616
0.780154446337
0.778808539746
0.777214013345
0.777600328657
0.777938459157
0.778633346259
0.768797027375
0.776349787795
0.775871715312
0.77545886427
