0.909096134674
0.902446588918
0.89469487301
0.887481418216
0.883097450124
0.871221909823
0.869684801102
0.871258465094
0.864292589097
0.859270768057
0.856935730303
0.852620516303
0.851976161011
0.847980234398
0.850481359638
0.846594616748
0.844368271022
0.83660415121
0.840205441997
0.83128902627
0.826306966677
0.819508998467
0.823424379625
0.822066586087
0.821469467989
0.818365838325
0.8186428714
0.818236950469
0.816982398457
0.812285850457
0.812859615551
0.814961942012
0.812387977349
0.814323085303
0.807461730166
0.813084718141
0.81258297956
0.806834892346
0.811101063267
0.811510048979
0.810769370745
0.809424806992
0.809228087319
0.807703363703
0.80895878644
0.805667468428
0.805894623071
0.809480506602
0.805294033622
0.806389106479
0.803445830917
0.800512333184
0.802858528448
0.80165872642
0.797665637739
0.795797578705
0.792796594329
0.793015709695
0.791980778266
0.782884569938
0.787507526198
0.78804363412
0.786306626901
0.790494802049
0.788672759862
0.789452684525
0.78611985244
0.790714930428
0.788459271376
0.790709196385
0.792013140949
0.783056351872
0.789552751883
0.787839207801
0.784818798999
0.784090421103
0.787745001431
0.784423860927
0.787123986927
0.787773110214
0.786902399136
0.78313510426
0.782530004003
0.781398645396
0.780396997482
0.781022201539
0.7795514315
0.779684759529
0.781133225326
0.778856376381
0.781054678967
0.779717597109
0.781623040405
0.77757903167
0.775071161141
0.777002938283
0.777841930862
0.780636394408
0.773766871705
0.770777436811
0.768276450351
0.766686725806
0.76734258074
0.770220424368
0.763702646226
0.769495910534
0.769751255732
0.766531446662
0.766750496977
0.768375002014
0.769847586577
0.764818613882
0.765411650092
0.766627728746
0.760371552396
0.766657374481
0.769145630888
0.767802047457
0.767055801618
0.768558330816
0.767315328559
0.766727606933
0.765212374384
0.767089404864
0.7691546003
0.766764720863
0.762515393967
0.76164776474
0.763744637018
0.757463603759
0.760093218113
0.762331546279
0.761348443206
0.762959352058
0.762411156306
0.76027229898
0.763784036283
0.758200028849
0.761255401635
0.759175316188
0.761233582991
0.761635341797
0.760855022368
0.759929903989
0.757657191222
0.760162526827
0.755912384601
0.757593974745
0.7568594263
0.754521778608
