0.916585380048
0.901192404938
0.891581958512
0.885596600672
0.883592198477
0.875827421271
0.873074988797
0.866246791295
0.865207097479
0.859007691289
0.860626062077
0.854333977178
0.853038227095
0.853189270229
0.846476427652
0.848909632503
0.846480920834
0.849697123206
0.844687189858
0.840350596107
0.844426678087
0.841641604
0.840077536488
0.838815309102
0.834436349043
0.83348968178
0.835490821811
0.826852904367
0.831489258858
0.831582708019
0.835694969857
0.834657257426
0.832449776822
0.831891191536
0.825810757851
0.826960566721
0.830209653883
0.829184241603
0.826553936549
0.824433660787
0.823473362149
0.827066130181
0.821275470706
0.822572754644
0.823731194769
0.826005958459
0.825076923316
0.828171794174
0.824841913729
0.824139663569
0.821196808807
0.825232757608
0.820711673024
0.823332933749
0.821016325042
0.820309572828
0.817759028164
0.817871861309
0.815797095253
0.814581864001
0.815916238038
0.818630379332
0.816625959646
0.813577734688
0.807294602134
0.807406620242
0.806817662469
0.802901279559
0.803543114199
0.807633493947
0.808056783351
0.806254090484
0.804017323053
0.80604243857
0.80062035206
0.807467732339
0.80488469683
0.804943421471
0.808616391425
0.805976424958
0.80488079319
0.80420610019
0.80423898626
0.806367924085
0.807323912341
0.810363152632
0.807472736399
0.800642426856
0.799139290927
0.802945430495
0.806367854623
0.807284017526
0.806421977195
0.804290990099
0.802741842615
0.807158175474
0.797934052101
0.804939048803
0.802146596533
0.803629581949
0.800606847824
0.801475470896
0.796426109849
0.795915087402
0.801104930041
0.799056742435
0.801236581487
0.796569302446
0.799305597504
0.796872449324
0.795879436645
0.798907791571
0.79894911255
0.79871210289
0.799508095271
0.796823114504
0.789179803513
0.796415278277
0.798613197208
0.793524905698
0.791504405516
0.79288471481
0.791188313647
0.790800017442
0.788774448717
0.788362961014
0.787154134603
0.791178761299
0.791577927412
0.790283851199
0.78942981488
0.786982938279
0.795097414918
0.791432020989
0.79109161203
0.791063750545
0.789593668427
0.787634528938
0.791952888006
0.791735478654
0.791542172861
0.794377052102
0.794530662538
0.792466862341
0.794645535465
0.796904824055
0.795133369862
0.795069944651
0.789835550725
0.793247335028
