0.917426306032
0.906062720286
0.906689439056
0.893978731999
0.891658003765
0.885871093998
0.889726974811
0.874664991652
0.877427237529
0.879017090269
0.876071539875
0.875421913855
0.867387576015
0.870470860451
0.871966856727
0.868512081534
0.864967718916
0.865783043801
0.86434222679
0.866400279636
0.861723448589
0.858418342003
0.860143697472
0.857467388858
0.858375601751
0.863311968949
0.858159633384
0.860283797764
0.856129668848
0.856950922934
0.854920611864
0.854407068021
0.847379145227
0.849972376384
0.853843322931
0.852971590768
0.849369800507
0.846221078017
0.839147680462
0.846187959546
0.844065913649
0.843652664307
0.846048450684
0.845287020399
0.840442498859
0.843661158593
0.835270258485
0.834279091689
0.836996595611
0.841669191166
0.841606472513
0.838964253629
0.845000357178
0.836800624988
0.840556401506
0.84182234776
0.843097303648
0.840765018631
0.844106155844
0.844252775256
0.831601986066
0.839852857871
0.844435497785
0.840263563999
0.840282732661
0.842387656211
0.841240428479
0.835475562655
0.836618034116
0.835718822799
0.83740188799
0.839963678003
0.83469962666
0.838613207521
0.833896223316
0.835044554834
0.833130777148
0.834570717585
0.835837687127
0.83051962883
0.836133785308
0.83416557597
0.83265212048
0.838923375883
0.833507446758
0.833355708698
0.833379042902
0.835878356415
0.829485587887
0.830728990219
0.831553704094
0.834310911808
0.82843210792
0.834761801072
0.834350749641
0.836917954129
0.837615182994
0.837777784964
0.833356290673
0.835323800722
0.837177267045
0.838400623938
0.839745497421
0.838065929928
0.836745857995
0.840850347022
0.835428431741
0.836363823887
0.836107895831
0.834364223164
0.832293637979
0.833746393396
0.832112749537
0.834416434264
0.829100660658
0.826295775944
0.826692648253
0.821298137613
0.824582899976
0.823678407408
0.828836865678
0.829264516943
0.825737882597
0.823803496942
0.827168070752
0.828169654677
0.823947157935
0.826917454441
0.825379661069
0.822527438059
0.826323424845
0.825428090107
0.82825487211
0.830667245552
0.831324336005
0.832079455292
0.827305820983
0.82591926866
0.823234707399
0.820995185844
0.827912365014
0.829949607876
0.82409441865
0.825064215032
0.821097491641
0.827396679492
0.829054801425
0.823065278135
0.827583692231
0.827548427485
