0.907460643382
0.902719440402
0.898654701548
0.895526915174
0.882710653027
0.88161173481
0.875966414298
0.867401032079
0.868849310561
0.868225841291
0.862263003911
0.85975635202
0.859630660173
0.853161746513
0.849412185601
0.850730302481
0.84915355136
0.848345860497
0.849753523838
0.845491698229
0.841096908583
0.836259220415
0.830126834024
0.82571948495
0.830348870736
0.826365768176
0.826563659825
0.822115421537
0.827578841876
0.826855338095
0.825950634839
0.823786054351
0.82246900132
0.819643359454
0.818408224491
0.81950570407
0.818191459034
0.81404780005
0.814052559543
0.814908911328
0.813731119275
0.809415679048
0.811885775398
0.809874222806
0.809845975537
0.805626828743
0.806043860396
0.808876744198
0.802320056477
0.802839026327
0.801748079202
0.799815616919
0.80291665824
0.799639641506
0.79720134155
0.799616703388
0.793508457631
0.798071881122
0.796413232125
0.795620241734
0.793288423142
0.795343676307
0.790782081047
0.794413568033
0.792450522272
0.793657708739
0.795210357335
0.794094658738
0.798955587996
0.796136928428
0.791245111391
0.79474179401
0.795341196362
0.796365070591
0.794266209554
0.791203495289
0.790645398642
0.786365263704
0.789685909235
0.783750186479
0.781420155787
0.780548176413
0.779430873168
0.779509905577
0.779842767682
0.78252840971
0.777368069067
0.77880571014
0.78174586148
0.781428247134
0.782948883417
0.781273231872
0.78334945806
0.77918213402
0.779733667317
0.783480808466
0.783542971119
0.78275474306
0.783065975034
0.783186385691
0.781267735147
0.780385195988
0.781554723646
0.77560154596
0.779334295776
0.779745916362
0.780641619955
0.777610091643
0.776183710959
0.780614462273
0.77623556154
0.782173358148
0.779715071717
0.772349131572
0.77198772979
0.77878524638
0.778175735193
0.780210788831
0.775785572645
0.773088403719
0.769989602449
0.76526563403
0.766522091956
0.765747895348
0.767118704377
0.765276316902
0.764111670341
0.764297156365
0.766555477646
0.764772579416
0.756337712785
0.752046561245
0.755886283118
0.752942272444
0.748724928512
0.750641527312
0.753141443169
0.75252432446
0.748005013619
0.748916802847
0.750142137678
0.749737923996
0.751658557443
0.748108419616
0.748843559445
0.747527775452
0.750358424166
0.747234702848
0.747976672593
0.7481922038
