0.91147099661
0.902055684207
0.893706428312
0.881618300466
0.884496783105
0.888223765346
0.882458381754
0.879131866405
0.867176501726
0.87044857367
0.867572077628
0.867069258569
0.865062587455
0.865939964149
0.865060820566
0.861720398762
0.860042299213
0.853204181668
0.847730611438
0.849341112576
0.849904145806
0.849758916888
0.847094178561
0.84351816463
0.843905990496
0.839297467583
0.842528201165
0.84147985724
0.841706818094
0.834286674257
0.837239701014
0.837733748127
0.841522142163
0.838318824271
0.833902656
0.837643967686
0.837318927754
0.835475351154
0.835012514413
0.836352079454
0.836317884815
0.832926207315
0.829951216093
0.833002923817
0.830518741161
0.830733089669
0.827366533561
0.82804867248
0.834189169645
0.827014881426
0.820477059576
0.827992088147
0.825356291745
0.8232331144
0.823320991465
0.825773919087
0.824055925809
0.819855885014
0.82271892074
0.825902265306
0.814820063359
0.822801501395
0.824248104454
0.820168654859
0.824692573516
0.822816846873
0.820884315441
0.813631147446
0.811085203109
0.810654003263
0.811077146891
0.808991719741
0.810619142656
0.810885629162
0.806055160453
0.807782932808
0.803618139872
0.807289280829
0.805609281166
0.805601301562
0.809873262261
0.807200085393
0.802565077252
0.803963002671
0.809255964708
0.809717143225
0.806768725398
0.808953722421
0.807011393566
0.809114073519
0.810963223121
0.80970959772
0.805991078716
0.805951632515
0.806150222502
0.806724284637
0.802905195043
0.804040588964
0.805967026767
0.805934268197
0.808174648163
0.808867273816
0.805322535514
0.802940430693
0.806514687443
0.809809584646
0.806538214065
0.799179955331
0.806078473758
0.809437761234
0.809192571208
0.807358322388
0.808224614019
0.806426146938
0.806107912077
0.808623315738
0.806655840123
0.804046690358
0.80541802018
0.809996669663
0.810744699003
0.808214936121
0.808726188174
0.806982127094
0.802946912906
0.8099034971
0.804840933992
0.805071650337
0.807305434611
0.806197417817
0.805537320553
0.80755748898
0.807061218644
0.805622113757
0.809188808505
0.808985078455
0.8100011507
0.80273031194
0.806219524383
0.810244057744
0.810205909064
0.806967101935
0.810089979534
0.810170982732
0.806996141167
0.80416104726
0.803834014002
0.807956009122
0.808785348715
0.808068176091
