0.912617811624
0.905509377718
0.901912776147
0.891606798868
0.88574664782
0.884437862893
0.879316958321
0.873348993606
0.875639624884
0.872743524636
0.87173039814
0.867627143254
0.859371298415
0.859423451186
0.856386366773
0.860337611078
0.857806702438
0.85710532703
0.856835565977
0.853326922035
0.855219661284
0.849243753759
0.850872762704
0.847615012713
0.851093223927
0.838312254021
0.843449181549
0.837411512272
0.84202494413
0.835036110269
0.837709258262
0.841875744882
0.83590506894
0.834282248168
0.83557612042
0.836000514827
0.834862102027
0.836358925588
0.834050916282
0.835749168345
0.833838632476
0.832072271419
0.833668720495
0.835773845231
0.831245151424
0.83383576213
0.82518801105
0.827825171854
0.823703049253
0.824139079287
0.820310588077
0.820091300523
0.812665177882
0.815335715785
0.820466354498
0.819309026835
0.818335738769
0.816895315608
0.818859384325
0.818490131364
0.819618818587
0.818815293018
0.817536712529
0.808706740924
0.815610910402
0.814321073595
0.812503118068
0.813634232746
0.812555619819
0.812401310566
0.810435513569
0.80807317692
0.806290590661
0.804974127562
0.804678744582
0.807307476692
0.807162122549
0.804413211932
0.806343658402
0.800741218779
0.806015179817
0.798052613439
0.804145561313
0.80165572075
0.799652698627
0.797537235909
0.799801636558
0.79966984194
0.79438188037
0.796403444091
0.794516156067
0.791593845476
0.79127701973
0.795840127342
0.793816891272
0.791156639485
0.79455398781
0.790979580226
0.794570951368
0.788758237118
0.789408064164
0.790872247891
0.791525993079
0.791038887818
0.78891860956
0.787438455139
0.779905153144
0.777819980184
0.773850997571
0.777189571919
0.780584354434
0.781910833697
0.784675827224
0.782605662562
0.785054693445
0.781836407276
0.786898398898
0.784383009303
0.785779790023
0.781787604754
0.783834780516
0.78247119631
0.783291840028
0.786191367679
0.786082161167
0.782515314707
0.781909548308
0.78495780481
0.785094175617
0.784630504482
0.780133306038
0.784080754331
0.782558976495
0.784335653292
0.78394438057
0.784694034306
0.782349677855
0.78232816011
0.781119775677
0.778665720337
0.775005511489
0.78207521645
0.777491344431
0.778872217822
0.77776910749
0.781931938586
0.779801258683
0.781780776189
0.777695556046
0.779373506091
