0.913718276678
0.904549313913
0.901335514222
0.908497044409
0.899383007095
0.898980613918
0.898997247497
0.892079432791
0.899962831768
0.895162818377
0.900007727412
0.896493773279
0.892495866927
0.892344029736
0.885355582309
0.878283520869
0.882501456031
0.887589411233
0.883268676419
0.882127567899
0.876645634066
0.877304648915
0.878127500439
0.880904578569
0.883539410813
0.879576012525
0.880492663264
0.864963868503
0.877895241979
0.874816383247
0.878126344356
0.875766971783
0.879805535375
0.882745575351
0.879836836904
0.876784905618
0.874284725219
0.873100224399
0.876982725419
0.881277856426
0.876465254666
0.879289197169
0.877661987694
0.877423769051
0.872233001443
0.868987976083
0.876901936863
0.876147038022
0.878536658578
0.872703432544
0.879977532545
0.875584765202
0.878088220443
0.8741497613
0.875881762665
0.866354592905
0.872192796705
0.875012329952
0.875549734348
0.878754987522
0.864912061288
0.869204179716
0.876085296275
0.872131210279
0.87161279076
0.872666620082
0.869036853257
0.872346213421
0.864734543124
0.876412455364
0.876041829886
0.871785711315
0.879260052194
0.874310407739
0.877492885483
0.875383239819
0.868136484904
0.874607365879
0.874146896817
0.882109548956
0.879029594728
0.871586360358
0.877353246066
0.873660289705
0.874305228098
0.877184631769
0.874455303294
0.870252470164
0.869418070844
0.871282222073
0.87392873774
0.876402425197
0.868668457655
0.86622761448
0.868125492539
0.869553246718
0.87013644013
0.86621727242
0.864097743392
0.866314085117
0.866035755832
0.869911293688
0.872670473276
0.87019157005
0.873994297705
0.872572369389
0.872979533253
0.878072986553
0.870545398855
0.870764560002
0.868610864754
0.864649167178
0.868796338744
0.867301075784
0.867481588076
0.870742318264
0.8653553537
0.865202853521
0.853696160977
0.862710621573
0.867369110847
0.862710072376
0.86588402182
0.87163538549
0.868689107084
0.868400922104
0.864437769529
0.857303288029
0.862917576749
0.86253401411
0.866082187807
0.868654863877
0.861790963418
0.868913270599
0.871267439819
0.867257259427
0.87107016044
0.864282848758
0.859016974855
0.866798009973
0.869373269077
0.867543506601
0.86822992206
0.861305716014
0.866276301733
0.860695964852
0.869359009444
0.869676462332
0.864526010069
0.866937107724
