0.907177881922
0.911167340134
0.897976531018
0.89522812752
0.890409518116
0.893996180347
0.89336610185
0.889050052632
0.880600044103
0.890509533719
0.889036817307
0.873819974664
0.877513434209
0.881664443916
0.879667269005
0.875415922541
0.874477689025
0.872884093981
0.862997500995
0.871659991079
0.869186181695
0.870481042393
0.865348866447
0.868167361501
0.861886070981
0.866128605067
0.860031202264
0.864244320489
0.86335111264
0.861516089377
0.856782153601
0.857554835347
0.855551476402
0.857003717057
0.856237305781
0.855551955808
0.85147840982
0.851850837801
0.84613539197
0.847457142664
0.840405134045
0.848491886845
0.850759983977
0.850802346351
0.847833386219
0.847069733124
0.846378594605
0.849329591712
0.847446734542
0.844362400564
0.847366495921
0.85168125182
0.846419821315
0.847456035004
0.846172265859
0.84498887418
0.848072595803
0.844106020226
0.847322732223
0.846698492366
0.847141182199
0.841659891047
0.842985029796
0.843155920188
0.845274627406
0.843970734107
0.844701086815
0.837156594998
0.838983778981
0.842841639675
0.849291941405
0.843559148881
0.845610659315
0.835779653201
0.838392976655
0.84836421622
0.840379309679
0.841615952684
0.841531862915
0.840192722127
0.841960442313
0.83974639431
0.837417319538
0.843879996488
0.846162273115
0.841133238897
0.840995454582
0.838320038423
0.840826425237
0.839904153974
0.839602747236
0.833150438201
0.835971498954
0.838947206007
0.833023472704
0.833901127365
0.836165139463
0.836495226824
0.835391327115
0.831622323649
0.836810225361
0.828464750688
0.834375574452
0.837948743291
0.836644661322
0.835900015417
0.838130692766
0.834392848228
0.834297597809
0.829160460255
0.829801758249
0.824279688075
0.828258890582
0.832028209699
0.829533407244
0.832156867973
0.829544430777
0.830009041303
0.82638821049
0.82855092776
0.824137823256
0.817776377858
0.826677058633
0.826275690453
0.826868413293
0.817825601469
0.822595985586
0.820672023173
0.823455253974
0.824641728508
0.828152896255
0.818592661887
0.825396984035
0.823863992881
0.823128096821
0.825094296474
0.817679454025
0.816354988536
0.82399045826
0.82335166968
0.826583286231
0.813768041721
0.823212840777
0.823038853961
0.820825874498
0.818698571503
0.819247001715
0.826157570074
0.821306138229
0.819602479284
