0.918088311172
0.898710061838
0.900483708821
0.887064429251
0.893394795058
0.889093161371
0.890848393924
0.884204971193
0.877896083263
0.876301771733
0.875090244256
0.870446382349
0.863651867392
0.865439084604
0.865042523635
0.86512883881
0.864449303839
0.862837441136
0.857791585919
0.861012935952
0.856834449955
0.854158680379
0.855809833373
0.850775726234
0.847261950515
0.846744569003
0.846147446513
0.84146150882
0.842372462079
0.834812862457
0.841585489866
0.83636488197
0.839707068926
0.836949036001
0.833428984827
0.831673514343
0.833810182169
0.828897896911
0.832281181536
0.830403404823
0.834469444532
0.828910839668
0.83253517591
0.829527594744
0.830516355644
0.830607028309
0.831596093614
0.827899942034
0.825144062606
0.828879700102
0.825055881103
0.830083971438
0.826707659142
0.818035300963
0.830083161177
0.829168050396
0.829760177527
0.829004332837
0.828019375599
0.825275971961
0.828927157295
0.827406427663
0.822242172591
0.828220267402
0.823648585314
0.824158760437
0.822915493633
0.820692038993
0.823357109303
0.824628738606
0.822402718534
0.824110232511
0.824095211319
0.822957997128
0.821295463442
0.82336655123
0.826476442534
0.821069659902
0.820257749069
0.818231044829
0.817157416622
0.81334078116
0.818919426013
0.81278617048
0.814257822489
0.813588852238
0.816010414674
0.813359567472
0.817574300722
0.815901757731
0.814674857364
0.814331704312
0.814998295127
0.814584916422
0.808254893431
0.815378810852
0.809040019887
0.81001325078
0.811363539745
0.811536578916
0.808658140301
0.812571632807
0.803140761893
0.805225253509
0.798785855139
0.798178570367
0.796174383852
0.799446001373
0.797793465934
0.794010949744
0.787712124494
0.791433726195
0.792800603419
0.792981806753
0.797035385294
0.79306987843
0.78890797616
0.789120249773
0.794687587297
0.790387099182
0.790668980772
0.789928940365
0.790900877132
0.786525402088
0.790884042596
0.78893213194
0.791056705462
0.792173664822
0.79127174287
0.793718271413
0.791817031324
0.796745327025
0.795954692481
0.788665452726
0.793047935843
0.792349339619
0.789138507835
0.791936159203
0.790611101371
0.789716962121
0.796552984871
0.795030942499
0.796405542822
0.787864702559
0.7895150861
0.790954337044
0.793047261576
0.792031665197
0.789550548223
0.788808287686
