0.911630964912
0.894425948724
0.892975618443
0.892884862198
0.890553299323
0.888651565773
0.883888900966
0.877925355295
0.872192680524
0.863057169389
0.875396915285
0.870027575325
0.866322118958
0.862949977166
0.859038103576
0.858030894293
0.858367589467
0.854153969899
0.849488578196
0.852181162081
0.85120301185
0.849333441388
0.84973512198
0.846892510246
0.83828901082
0.844180106694
0.839576815837
0.834475451181
0.831577354803
0.841408739086
0.8306487317
0.832967180479
0.83290912259
0.832042669628
0.831419344254
0.828465982654
0.824727553704
0.82510029228
0.826507545789
0.8189638775
0.814153096485
0.822156706188
0.823586980862
0.824084540637
0.817724723806
0.819116249471
0.82094775296
0.818863913119
0.819799098049
0.82170150126
0.822001799478
0.822084989492
0.819991723571
0.819736379919
0.812435556849
0.819107105555
0.81801748719
0.814741452686
0.817920123068
0.819661651707
0.816028226512
0.817249391174
0.817199289097
0.81695641145
0.807118679239
0.816845102993
0.815979112
0.818320519869
0.813158376073
0.813896430361
0.814720844602
0.814353961358
0.818252504852
0.817596806429
0.813124336136
0.811289194214
0.817851398888
0.819582711954
0.810436697202
0.818437639797
0.821027603845
0.82266284128
0.818502768098
0.817849857614
0.81583426531
0.81900441577
0.816275599586
0.819452288437
0.816445471299
0.816627685193
0.816771992169
0.814564180303
0.813491163681
0.806525912621
0.813277241707
0.814310873498
0.81142050921
0.807253847684
0.806470824956
0.808027591183
0.800151749578
0.806765220457
0.806587407276
0.808334460802
0.806611832739
0.80031875978
0.806176309176
0.805533265221
0.807111295069
0.804370075237
0.803900311614
0.802202053509
0.801239662052
0.803745109995
0.802287825328
0.802155420587
0.804093825922
0.801649402873
0.804223318433
0.801604225604
0.804446901536
0.796342513792
0.800116678636
0.800780334264
0.803311259986
0.798861296135
0.798903667237
0.801586367177
0.801270514149
0.800072750778
0.798125832835
0.799972689883
0.797175718929
0.799849875181
0.78913595297
0.796542912368
0.797260209692
0.795233364259
0.795597702604
0.79083320101
0.799912512173
0.800544703649
0.797862836721
0.798716155049
0.794116265805
0.796889355335
0.799004052342
0.804754688737
0.794366308589
0.801029521095
