0.906951103439
0.907005625111
0.892303900364
0.892085980746
0.884165596582
0.880992007856
0.874912947348
0.867770670246
0.865031149157
0.862199839139
0.859341468699
0.856231316359
0.855327073293
0.856274950299
0.850086156196
0.851606141733
0.850775282796
0.847822460485
0.841023729454
0.843174384262
0.843925557205
0.842495471206
0.842065916195
0.838825783685
0.841025629754
0.838772801376
0.837366695956
0.833631151996
0.83592055646
0.829047344251
0.826890331001
0.829930151733
0.829895341213
0.82875074083
0.824076203753
0.830797690263
0.82694969051
0.825299632744
0.827164926667
0.827741973513
0.831273140633
0.826305167817
0.824072129954
0.828723289653
0.825074412875
0.826414953234
0.823655960569
0.824213750893
0.825365041377
0.821529430673
0.819592149074
0.81911997739
0.820324536224
0.823137583492
0.812946991081
0.819238760367
0.814528508797
0.815314143819
0.81442563822
0.813772340793
0.817444284399
0.816030452267
0.818940330749
0.812996702097
0.813033674759
0.809904219366
0.811808356678
0.809591408839
0.809637799888
0.80570001462
0.803296210394
0.80733428126
0.808171921029
0.808156282997
0.807164306705
0.808468445768
0.80844281872
0.805268520604
0.807582484634
0.797249532578
0.807012154454
0.805277083932
0.804492582593
0.802475420933
0.804688736171
0.801019580714
0.803532526951
0.793120566143
0.7916870993
0.797482677363
0.79589431551
0.794119816121
0.793801244129
0.796168987249
0.797752536782
0.79191275823
0.794696727061
0.796256202063
0.794258485698
0.793485410697
0.787933389761
0.78980350538
0.791057768662
0.789902809877
0.792187061362
0.79243150372
0.789304164693
0.787830980648
0.78788858769
0.791494758632
0.789699905011
0.789192300546
0.789940063433
0.787238362233
0.788754439826
0.788937621198
0.788536293245
0.787124376391
0.781393969799
0.780453636259
0.783602062299
0.783172669097
0.786378679866
0.787364552676
0.785831540444
0.785629050052
0.779549210845
0.787010363831
0.785880541244
0.784873469322
0.783883620413
0.783037948074
0.784080599399
0.781749864997
0.783590320673
0.785823084615
0.786700702849
0.787407682596
0.781797955342
0.785522408412
0.776787448449
0.776449652036
0.77914017102
0.783605924785
0.781155667864
0.7818699553
0.781026860194
0.783528610261
0.779285971939
0.778498017004
