3200.53992648
3200.53992648
2209.2153156
2209.2153156
2209.2153156
2209.2153156
2209.2153156
2209.2153156
2209.2153156
1633.01323115
1633.01323115
1633.01323115
1633.01323115
1633.01323115
1633.01323115
1633.01323115
1633.01323115
1633.01323115
979.840047236
438.410098492
407.982083838
407.982083838
383.717297841
383.717297841
112.134851774
92.2046860835
72.6701000864
72.6701000864
44.674670944
35.6372184454
32.825497363
16.4318890955
12.5156422996
12.5156422996
10.7524461491
8.70134184353
8.70134184353
8.70134184353
8.70134184353
8.70134184353
8.70134184353
7.91812141031
7.9048841489
7.9048841489
7.9048841489
7.9048841489
3.24424540256
3.24424540256
3.24424540256
3.24424540256
2.54914380216
2.14449420446
2.13211493366
2.13211493366
2.0938100485
2.05840109896
1.99611870311
1.99611870311
1.99581075501
1.99270049963
1.99270049963
1.99008485333
1.99006002987
1.9899844556
1.9899494566
1.98992786304
1.98992525592
1.98992193552
1.98991924591
1.98991853863
1.98991833324
1.98991813304
1.98991813304
1.98991813304
1.98991813304
1.98991812364
1.98991812364
1.98991811863
1.98991811671
1.98991811624
1.98991811505
1.98991811433
1.98991811424
1.98991811424
1.98991811421
1.9899181142
1.98991811419
1.98991811419
1.98991811419
1.98991811419
1.98991811419
1.98991811419
1.98991811419
1.98991811419
1.98991811419
1.98991811419
1.98991811419
1.98991811419
1.98991811419
1.98991811419
1.98991811419
1.98991811419
1.98991811419
1.98991811419
1.98991811419
1.98991811419
1.98991811419
1.98991811419
1.98991811419
1.98991811419
1.98991811419
1.98991811419
1.98991811419
1.98991811419
1.98991811419
1.98991811419
1.98991811419
1.98991811419
1.98991811419
1.98991811419
1.98991811419
1.98991811419
1.98991811419
1.98991811419
1.98991811419
1.98991811419
1.98991811419
1.98991811419
1.98991811419
1.98991811419
1.98991811419
1.98991811419
1.98991811419
1.98991811419
1.98991811419
1.98991811419
1.98991811419
1.98991811419
1.98991811419
1.98991811419
1.98991811419
1.98991811419
1.98991811419
1.98991811419
1.98991811419
1.98991811419
1.98991811419
1.98991811419
1.98991811419
1.98991811419
Tiempo de ejecucion = 64.89076590538025
Numero de evaluaciones = 27120
Mejor ft = 1.98991811419
Mejor individuo [10.123456795130336, 5.987654192595618, 4.661624643841306, 0.7704734934793978]
Mejor individuo (varianzas) [1.2744138978458212e-09, 7.00670483492912e-08, 3.736550023021975e-10, 5.654263541815131e-11]
