3703.34556705
3703.34556705
3703.34556705
3180.32098746
3180.32098746
1619.86431364
1619.86431364
1619.86431364
1619.86431364
1619.86431364
670.892791137
670.892791137
451.877771143
451.877771143
143.203862225
111.996513442
57.5093546044
40.7487540542
40.3506366449
21.7524077259
21.7524077259
11.9282038507
9.84676403426
9.84676403426
9.84676403426
9.84676403426
9.84676403426
9.84676403426
9.67484563353
9.67484563353
5.74281208395
5.74281208395
5.74281208395
5.74281208395
5.74281208395
5.3732791638
5.3732791638
3.06304853939
3.06304853939
3.06304853939
3.06304853939
2.69785641463
2.69785641463
2.222621869
2.222621869
2.222621869
1.77982911059
1.77982911059
0.413830760133
0.413830760133
0.413830760133
0.0554726578396
0.0554726578396
0.0302456445883
0.00703324746775
0.00348700633033
0.00201635845932
0.000927573222754
0.000257806396846
0.000164567897187
6.39918905421e-05
2.86984102758e-05
1.30427872733e-05
4.25634059553e-06
1.9262095492e-06
1.15192517569e-06
3.60439798897e-07
1.84890389221e-07
1.23917530459e-07
9.60363166769e-09
9.60363166769e-09
5.92488902385e-09
5.92488902385e-09
2.61164245785e-09
1.79286274715e-09
4.64353888674e-10
4.47514025836e-10
2.78163270195e-10
7.6042283581e-11
7.6042283581e-11
3.96553900828e-11
1.22355459098e-11
8.49809111969e-12
1.70530256582e-12
1.04449782157e-12
1.84741111298e-13
1.84741111298e-13
5.68434188608e-14
4.26325641456e-14
2.84217094304e-14
0.0
Tiempo de ejecucion = 37.89538383483887
Numero de evaluaciones = 16500
Mejor ft = 0.0
Mejor individuo [10.123456792632373, 5.987653999405214, 3.6666660022632267, 1.7654320953894194]
Mejor individuo (varianzas) [8.48311227798131e-09, 9.65754977719167e-09, 8.065515172434398e-09, 6.061016336208809e-09]
