1638.00084421
1638.00084421
1638.00084421
1638.00084421
1638.00084421
1638.00084421
1638.00084421
1638.00084421
1638.00084421
1638.00084421
1080.62589955
693.304259936
693.304259936
693.304259936
693.304259936
693.304259936
693.304259936
693.304259936
430.562533084
430.562533084
430.562533084
430.562533084
430.562533084
430.562533084
430.562533084
416.613299702
416.613299702
248.167688159
206.16153667
54.1481351204
54.1481351204
35.342406826
13.5019931559
13.5019931559
13.5019931559
13.2657733583
13.2657733583
10.827440512
10.827440512
10.827440512
10.827440512
10.827440512
9.63838869414
9.63838869414
9.63838869414
9.18754456499
9.18754456499
9.18754456499
9.18754456499
9.18754456499
5.22920431223
5.22920431223
3.02427998838
3.02427998838
3.02427998838
3.02427998838
3.02427998838
3.02427998838
3.02427998838
3.02427998838
3.02427998838
3.02427998838
3.02427998838
2.51490858965
2.51490858965
2.28195373027
2.28195373027
2.28195373027
2.28195373027
1.75510808889
1.75510808889
1.75510808889
1.75510808889
1.75510808889
1.04313951015
1.04313951015
0.948549987139
0.948549987139
0.948549987139
0.830824154778
0.830824154778
0.830824154778
0.830824154778
0.830824154778
0.830824154778
0.830824154778
0.830824154778
0.830824154778
0.830824154778
0.830824154778
0.830824154778
0.830824154778
0.830824154778
0.830824154778
0.830824154778
0.830824154778
0.830824154778
0.830824154778
0.830824154778
0.830824154778
0.830824154778
0.830824154778
0.830824154778
0.830824154778
0.830824154778
0.830824154778
0.830824154778
0.830824154778
0.830824154778
0.830824154778
0.830824154778
0.830824154778
0.830824154778
0.830824154778
0.830824154778
0.830824154778
0.830824154778
0.830824154778
0.830824154778
0.830824154778
0.830824154778
0.830824154778
0.830824154778
0.830824154778
0.830824154778
0.830824154778
0.830824154778
0.830824154778
0.830824154778
0.830824154778
0.830824154778
0.830824154778
0.830824154778
0.830824154778
0.830824154778
0.830824154778
0.830824154778
0.830824154778
0.830824154778
0.830824154778
0.830824154778
0.830824154778
0.830824154778
0.830824154778
0.830824154778
0.830824154778
0.830824154778
0.830824154778
0.830824154778
0.830824154778
Tiempo de ejecucion = 62.64832043647766
Numero de evaluaciones = 27120
Mejor ft = 0.830824154778
Mejor individuo [10.13915510607317, 6.01072673445694, 3.723449487678419, 1.7506062240887905]
Mejor individuo (varianzas) [0.06657846549412914, 0.00636601787025395, 0.0903052982815684, 0.2615224375653116]
