4019.16167929
3664.47247284
3664.47247284
3664.47247284
592.346769643
592.346769643
592.346769643
592.346769643
592.346769643
592.346769643
592.346769643
592.346769643
592.346769643
592.346769643
561.517642946
561.517642946
561.517642946
462.840456241
103.376238607
103.376238607
103.376238607
103.376238607
103.376238607
103.376238607
74.6593145522
74.6593145522
59.2052513808
44.1285179693
44.1285179693
35.6143494132
33.1872653193
33.1872653193
3.9554224681
3.9554224681
3.9554224681
3.9554224681
3.9554224681
3.9554224681
3.9554224681
3.9554224681
3.9554224681
3.9554224681
3.9554224681
3.9554224681
3.9554224681
3.9554224681
3.9554224681
3.9554224681
3.9554224681
3.9554224681
3.9554224681
3.9554224681
3.9554224681
3.9554224681
3.9554224681
3.9554224681
3.9554224681
3.9554224681
3.9554224681
3.9554224681
3.9554224681
3.9554224681
3.9554224681
3.9554224681
3.9554224681
3.55392274474
3.55392274474
3.55392274474
3.55392274474
3.55392274474
3.55392274474
3.55392274474
3.55392274474
3.55392274474
3.55392274474
1.98882952297
1.98882952297
1.98882952297
1.98882952297
1.98882952297
1.98882952297
1.98882952297
1.98882952297
1.98223406953
1.98223406953
1.98223406953
1.98223406953
1.92044671275
1.89191470311
1.89191470311
1.87358355825
1.48673289721
1.39229667695
1.32602363857
1.32602363857
1.05274372514
1.05274372514
1.01627208698
1.01627208698
1.01627208698
1.01032376306
1.00079816667
1.00079816667
1.00079816667
0.997378365059
0.996031382846
0.996031382846
0.995413063824
0.995158850518
0.995125619946
0.994997310016
0.994997310016
0.99498253892
0.994968270595
0.994961612214
0.994961354422
0.994961133438
0.9949591288
0.9949591288
0.9949591288
0.9949591288
0.994959073721
0.994959063282
0.994959060473
0.994959060218
0.994959057812
0.994959057193
0.994959057193
0.994959057193
0.994959057171
0.994959057108
0.994959057102
0.994959057098
0.994959057094
0.994959057094
0.994959057093
0.994959057093
0.994959057093
0.994959057093
0.994959057093
0.994959057093
0.994959057093
0.994959057093
0.994959057093
0.994959057093
0.994959057093
0.994959057093
0.994959057093
0.994959057093
0.994959057093
Tiempo de ejecucion = 63.49897217750549
Numero de evaluaciones = 27120
Mejor ft = 0.994959057093
Mejor individuo [10.123456795021678, 6.982612637661292, 3.6666660035344902, 1.7654320987047305]
Mejor individuo (varianzas) [2.3437057765214456e-09, 1.1070594164784518e-09, 9.141974505985942e-10, 1.5834196643879882e-10]
