6281.33384673
6281.33384673
3969.49631967
2243.91270684
2243.91270684
2078.33095797
2078.33095797
2078.33095797
1521.12347814
953.515008989
953.515008989
583.917934347
345.337337688
165.604697452
103.200258088
103.200258088
56.9155738813
46.5676600876
20.1757966707
20.1757966707
19.5976947412
19.5976947412
19.5898107768
13.2744423298
10.6973431292
10.6973431292
6.02881727924
6.02881727924
6.02881727924
6.02881727924
6.02881727924
6.02881727924
6.02881727924
6.02881727924
6.02881727924
6.02881727924
6.02881727924
4.53964376204
4.53964376204
4.53964376204
4.53964376204
4.53964376204
4.53964376204
4.53964376204
4.53964376204
3.86067322053
3.86067322053
3.86067322053
3.86067322053
3.86067322053
3.86067322053
3.60341136612
1.91997140096
1.91997140096
1.91997140096
1.91997140096
1.91997140096
1.91997140096
1.91997140096
1.91997140096
1.91997140096
1.91997140096
1.91997140096
1.91997140096
1.91997140096
1.91997140096
1.91997140096
1.91997140096
0.60077524067
0.347042044045
0.347042044045
0.347042044045
0.103962037459
0.0682679280931
0.0590956006491
0.0139025957382
0.00184458617272
0.00184458617272
0.00184458617272
0.00104177764903
0.000622118292114
0.000387943966388
0.000100623805608
2.98151478475e-05
2.98151478475e-05
2.27200324261e-05
2.27200324261e-05
1.36139743887e-05
1.0785031904e-05
9.75347764154e-06
2.88413988869e-06
1.89315437638e-06
4.51093185916e-07
4.51093185916e-07
3.34032499438e-07
1.09199284282e-07
8.84184956362e-08
1.66186282513e-08
1.66186282513e-08
7.4882606782e-09
1.68228808661e-09
7.50745243749e-10
7.13889392046e-10
7.13889392046e-10
5.77067282848e-10
8.89244233804e-11
8.89244233804e-11
3.78435061066e-11
1.90496507457e-11
4.26325641456e-12
2.80664380625e-12
5.54223333893e-13
3.76587649953e-13
2.20268248086e-13
7.1054273576e-15
7.1054273576e-15
7.1054273576e-15
0.0
Tiempo de ejecucion = 50.37787461280823
Numero de evaluaciones = 21360
Mejor ft = 0.0
Mejor individuo [10.123456786305397, 5.987653999711169, 3.6666660009490792, 1.7654321017594563]
Mejor individuo (varianzas) [3.0335463108352796e-09, 4.969915281667488e-09, 7.712094493051585e-09, 5.028145928386353e-09]
