2903.72706601
2903.72706601
2903.72706601
794.383942775
794.383942775
794.383942775
794.383942775
794.383942775
794.383942775
794.383942775
377.86830619
155.774857424
123.189447426
32.4711369264
32.4711369264
28.2956679536
21.264890357
18.6836134042
12.5034565661
8.44522982288
8.14891919771
8.14891919771
4.74035616537
4.74035616537
4.74035616537
4.74035616537
4.74035616537
4.74035616537
4.74035616537
4.74035616537
4.74035616537
4.74035616537
4.74035616537
4.74035616537
3.88574058477
3.88574058477
3.88574058477
3.88574058477
3.88574058477
3.88574058477
3.88574058477
3.88574058477
3.88574058477
3.88574058477
3.88574058477
3.88574058477
3.88574058477
3.88574058477
3.88574058477
3.88574058477
3.88574058477
3.88574058477
3.88574058477
3.88574058477
3.88574058477
3.88574058477
3.88574058477
3.88574058477
1.9116610957
1.9116610957
1.41713345103
1.41713345103
1.41713345103
1.41713345103
1.41713345103
1.39238293843
1.39238293843
1.39238293843
1.39238293843
1.39238293843
1.39238293843
1.39238293843
1.39238293843
0.903052866316
0.903052866316
0.903052866316
0.903052866316
0.903052866316
0.903052866316
0.903052866316
0.872212925068
0.686335002519
0.686335002519
0.686335002519
0.0273541676191
0.0273541676191
0.0273541676191
0.0273541676191
0.0144464119785
0.00641798405323
0.00255062191565
0.00255062191565
0.00115122315768
0.00101325165732
0.0002885576002
3.26596831499e-05
3.26596831499e-05
2.1048445376e-05
1.44310733958e-05
4.70670542541e-06
4.20280561286e-06
1.17476578509e-06
1.13311691052e-06
6.75801715033e-07
9.89401627294e-08
9.89401627294e-08
9.89401627294e-08
1.85122530638e-08
1.85122530638e-08
9.1426244353e-09
7.14045711447e-09
2.51733922596e-09
1.40269662552e-09
2.108180297e-11
2.108180297e-11
2.108180297e-11
2.108180297e-11
2.108180297e-11
2.108180297e-11
1.51558765538e-11
3.55981910616e-12
6.8212102633e-13
5.96855898038e-13
3.62376795238e-13
8.52651282912e-14
4.26325641456e-14
1.42108547152e-14
1.42108547152e-14
0.0
0.0
0.0
0.0
0.0
0.0
0.0
0.0
0.0
0.0
0.0
0.0
0.0
0.0
0.0
0.0
0.0
0.0
0.0
0.0
0.0
0.0
Tiempo de ejecucion = 0.7561384566624959
Mejor ft = 0.0
Mejor individuo[10.123456788927424, 5.987653999533243, 3.6666659969426862, 1.7654320991671462]
Mejor individuo (varianzas)[1.3433455819641375e-10, 8.93878863675797e-11, 1.0147615484367382e-08, 9.212351102688538e-10]
