1543.98415492
1543.98415492
1543.98415492
1543.98415492
1543.98415492
1543.98415492
1543.98415492
1543.98415492
306.531854549
306.531854549
306.531854549
306.531854549
199.063556274
199.063556274
199.063556274
113.807963247
57.8303514717
34.2159442944
27.8417447034
22.7409688871
22.7409688871
19.5896606607
8.82967277273
8.82967277273
8.82967277273
8.82967277273
7.84378842862
7.84378842862
7.84378842862
7.84378842862
7.84378842862
7.84378842862
7.84378842862
7.84378842862
7.84378842862
6.3942075369
6.3942075369
1.84141057296
1.84141057296
1.84141057296
1.84141057296
1.84141057296
1.84141057296
1.84141057296
1.84141057296
1.84141057296
1.84141057296
1.84141057296
1.84141057296
1.84141057296
1.84141057296
1.84141057296
1.84141057296
1.84141057296
1.84141057296
1.84141057296
1.84141057296
1.84141057296
1.84141057296
1.84141057296
1.84141057296
1.84141057296
0.675050689171
0.675050689171
0.675050689171
0.675050689171
0.675050689171
0.675050689171
0.675050689171
0.675050689171
0.675050689171
0.675050689171
0.675050689171
0.675050689171
0.675050689171
0.675050689171
0.675050689171
0.137657945529
0.137657945529
0.137657945529
0.137657945529
0.137657945529
0.137657945529
0.137657945529
0.137657945529
0.137657945529
0.137657945529
0.137657945529
0.137657945529
0.137657945529
0.137657945529
0.137657945529
0.137657945529
0.137657945529
0.130949672136
0.0913411931712
0.0192740762369
0.00861711142588
0.00189261449335
0.000621981508637
0.000244178107614
0.000117737717837
3.45529678611e-05
9.39793512345e-06
2.68739752585e-06
1.81661803822e-06
1.81661803822e-06
2.41944931645e-07
9.14567692689e-08
9.14567692689e-08
9.14567692689e-08
2.934031329e-08
6.74904754305e-09
4.68951100174e-09
2.24022045359e-09
7.76978481554e-10
4.17699652644e-10
1.48688172885e-10
2.94022584058e-11
2.94022584058e-11
2.94022584058e-11
8.66862137627e-13
8.66862137627e-13
8.66862137627e-13
8.66862137627e-13
8.66862137627e-13
2.27373675443e-13
1.84741111298e-13
5.68434188608e-14
4.26325641456e-14
0.0
0.0
0.0
0.0
0.0
0.0
0.0
0.0
0.0
0.0
0.0
0.0
0.0
0.0
0.0
0.0
0.0
0.0
0.0
0.0
Tiempo de ejecucion = 0.941806461016337
Mejor ft = 0.0
Mejor individuo[10.123456789177496, 5.9876539987441575, 3.6666659993451876, 1.7654321039547867]
Mejor individuo (varianzas)[1.9439362949948805e-09, 2.454626349916957e-09, 1.4137966318218745e-09, 1.6228433517815431e-09]
