8119.87833557
8119.87833557
5483.16575981
5483.16575981
5483.16575981
5483.16575981
5483.16575981
5483.16575981
5483.16575981
4628.77400015
2949.14372041
1652.35373938
1652.35373938
1652.35373938
1652.35373938
1652.35373938
1652.35373938
1652.35373938
1652.35373938
1181.58266252
1181.58266252
1181.58266252
537.301591345
537.301591345
537.301591345
537.301591345
225.437304634
189.066150764
181.328689554
119.326403849
43.912309231
43.912309231
43.912309231
19.9683162646
19.9683162646
19.9683162646
19.9683162646
12.4191526391
12.4191526391
12.4191526391
12.4191526391
12.4191526391
12.4191526391
12.4191526391
12.4191526391
9.2586909891
9.2586909891
8.06889798685
8.06889798685
8.06889798685
8.06889798685
8.06889798685
6.35628924119
6.35628924119
4.12869693826
4.12869693826
3.06123732211
3.06123732211
3.06123732211
3.06123732211
3.06123732211
3.06123732211
3.06123732211
3.06123732211
3.06123732211
3.06123732211
3.06123732211
3.06123732211
3.06123732211
3.06123732211
3.06123732211
3.06123732211
3.06123732211
3.06123732211
2.77389197515
2.77389197515
2.77389197515
2.77389197515
2.77389197515
2.77389197515
2.77389197515
2.77389197515
2.77389197515
2.77389197515
1.73911158122
1.73911158122
1.73911158122
1.73911158122
1.73911158122
1.73911158122
1.73911158122
1.73911158122
1.73911158122
1.73911158122
1.73911158122
1.73911158122
1.53904025037
1.53904025037
1.53904025037
1.53904025037
1.53904025037
1.53904025037
1.53904025037
1.53904025037
1.53904025037
1.53904025037
1.53904025037
1.53904025037
1.53904025037
1.53904025037
1.53904025037
1.53904025037
0.915148457808
0.915148457808
0.837672317094
0.837672317094
0.837672317094
0.451876229602
0.451876229602
0.451876229602
0.451876229602
0.451876229602
0.451876229602
0.451876229602
0.451876229602
0.451876229602
0.451876229602
0.451876229602
0.451876229602
0.451876229602
0.451876229602
0.451876229602
0.451876229602
0.451876229602
0.451876229602
0.451876229602
0.451876229602
0.216138703287
0.149649297644
0.149649297644
0.149649297644
0.149649297644
0.149649297644
0.0706990044021
0.0706990044021
0.0434470575969
0.0434470575969
0.0434470575969
0.0434470575969
0.0434470575969
Tiempo de ejecucion = 0.2572015635172526
Mejor ft = 0.0434470575969
Mejor individuo[10.12108079417194, 5.9948014133540655, 3.6606639831115646, 1.7766706918814388]
Mejor individuo (varianzas)[0.07783933223906808, 0.0880506396251552, 0.08928844280715073, 0.024468725222548456]
