2598.12301107
2598.12301107
2598.12301107
2598.12301107
2598.12301107
2598.12301107
2598.12301107
2598.12301107
2418.24707668
2418.24707668
1586.91093624
958.613419563
569.816008481
569.816008481
165.537392606
135.285431514
73.7882987892
33.3771841137
33.3771841137
18.4818649651
18.4818649651
15.3848507825
13.2839921221
13.2839921221
11.4316567588
7.99321501207
5.11875549427
5.11875549427
5.11875549427
5.11875549427
5.11875549427
5.11875549427
5.11875549427
5.11875549427
5.11875549427
5.11875549427
5.11875549427
5.11875549427
5.11875549427
5.11875549427
5.11875549427
5.11875549427
5.11875549427
5.11875549427
5.11875549427
5.11875549427
5.11875549427
5.11875549427
3.82027345848
3.82027345848
3.82027345848
3.82027345848
3.82027345848
3.82027345848
3.82027345848
3.82027345848
3.82027345848
3.82027345848
3.82027345848
3.82027345848
3.82027345848
3.82027345848
3.82027345848
3.82027345848
3.82027345848
3.82027345848
3.70499809275
3.70499809275
3.70499809275
3.70499809275
3.70499809275
3.70499809275
3.70499809275
3.70499809275
3.70499809275
3.70499809275
3.43642472591
3.43642472591
3.43642472591
3.43642472591
3.43642472591
3.43642472591
2.31500551318
2.31500551318
2.31500551318
2.31500551318
2.31500551318
2.31500551318
2.31500551318
2.31500551318
2.31500551318
2.31500551318
2.31500551318
2.31500551318
2.31500551318
2.31500551318
1.68913948059
1.68913948059
1.67623874221
1.62411647029
1.14669503729
1.14669503729
1.14669503729
1.12005953961
1.10792072089
1.01900365708
1.01900365708
1.01862219996
1.00195365743
1.00195365743
1.00195365743
0.997273926551
0.996263326361
0.996263326361
0.995257473701
0.994977282161
0.994977282161
0.994977282161
0.994977282161
0.994963930512
0.994961904288
0.994961841514
0.994960870325
0.994960203283
0.994959662044
0.994959316539
0.994959124972
0.994959124972
0.994959087133
0.994959085935
0.99495908275
0.99495907334
0.994959070987
0.994959060836
0.994959060836
0.994959059332
0.994959058138
0.994959057162
0.994959057162
0.994959057162
0.994959057158
0.994959057126
0.994959057126
0.994959057126
0.9949590571
0.994959057095
0.994959057095
0.994959057094
0.994959057094
0.994959057094
Tiempo de ejecucion = 26.593037843704224
Numero de evaluaciones = 12020
Mejor ft = 0.994959057094
Mejor individuo [10.123456842215447, 5.987654000006578, 4.661624647995187, 1.76543208604095]
Mejor individuo (varianzas) [6.847412264881002e-09, 1.8786116475277687e-07, 1.741041302286502e-06, 3.6233312454459425e-08]
