5799.86893222
5799.86893222
5799.86893222
5799.86893222
2526.37285275
2526.37285275
2526.37285275
2526.37285275
2526.37285275
2526.37285275
2526.37285275
2526.37285275
2526.37285275
2526.37285275
2526.37285275
2526.37285275
2526.37285275
2526.37285275
2526.37285275
2526.37285275
2526.37285275
1397.71591102
1397.71591102
1397.71591102
1397.71591102
1397.71591102
1397.71591102
1397.71591102
1397.71591102
1397.71591102
1397.71591102
1397.71591102
1397.71591102
1397.71591102
1397.71591102
1397.71591102
1397.71591102
1397.71591102
1397.71591102
1397.71591102
1397.71591102
1397.71591102
1397.71591102
1397.71591102
738.929359176
738.929359176
738.929359176
738.929359176
574.189804349
574.189804349
574.189804349
574.189804349
574.189804349
574.189804349
574.189804349
574.189804349
574.189804349
574.189804349
574.189804349
170.206775524
170.206775524
170.206775524
170.206775524
170.206775524
170.206775524
170.206775524
57.1952095781
57.1952095781
57.1952095781
57.1952095781
57.1952095781
48.1867963996
48.1867963996
48.1867963996
48.1867963996
42.5629453465
39.6943210236
39.6943210236
39.6943210236
39.6943210236
39.6943210236
39.6943210236
39.6943210236
39.6943210236
36.5059451659
16.1241903424
16.1241903424
16.1241903424
16.1241903424
16.1241903424
16.1241903424
16.1241903424
16.1241903424
16.1241903424
16.1241903424
16.1241903424
16.1241903424
16.1241903424
16.1241903424
16.1241903424
16.1241903424
16.1241903424
16.1241903424
13.3686172203
13.3686172203
13.3686172203
13.3686172203
13.3686172203
13.3686172203
13.3686172203
13.3686172203
10.7341907068
10.7341907068
10.7341907068
10.7341907068
10.7341907068
10.7341907068
10.7341907068
10.7341907068
10.7341907068
10.7341907068
10.7341907068
10.7341907068
9.90835897247
9.90835897247
9.90835897247
9.90835897247
9.90835897247
9.90835897247
9.90835897247
9.90835897247
9.90835897247
9.90835897247
9.90835897247
9.14475270771
9.14475270771
9.14475270771
9.14475270771
9.14475270771
9.14475270771
9.14475270771
9.14475270771
9.14475270771
9.14475270771
9.14475270771
9.14475270771
6.54074546878
6.54074546878
5.45093186141
5.45093186141
Tiempo de ejecucion = 7.2489399909973145
Numero de evaluaciones = 3080
Mejor ft = 5.45093186141
Mejor individuo [11.036744967821317, 4.990830120545845, 3.6681297080412514, 1.8720603277098358]
Mejor individuo (varianzas) [0.9637257988566528, 0.12474136297927527, 0.8190131012911718, 1.0921058984954974]
