5077.78252131
5077.78252131
5077.78252131
5077.78252131
5077.78252131
5077.78252131
3148.65761292
3148.65761292
3148.65761292
3148.65761292
3148.65761292
349.00704964
349.00704964
349.00704964
349.00704964
349.00704964
349.00704964
349.00704964
349.00704964
349.00704964
349.00704964
349.00704964
349.00704964
349.00704964
349.00704964
349.00704964
349.00704964
349.00704964
349.00704964
349.00704964
349.00704964
349.00704964
349.00704964
349.00704964
349.00704964
333.629809486
333.629809486
213.50936072
168.58007387
168.58007387
168.58007387
168.58007387
131.177820242
68.1294427547
68.1294427547
58.5710629631
58.5710629631
58.5710629631
46.1363257166
46.1363257166
46.1363257166
45.9907714517
45.9907714517
34.4111028134
34.4111028134
34.4111028134
34.4111028134
30.6831683249
15.1076741213
15.1076741213
15.1076741213
15.1076741213
15.1076741213
15.1076741213
15.1076741213
15.1076741213
10.1702238256
10.1702238256
10.1702238256
10.1702238256
10.1702238256
10.1702238256
10.1702238256
10.1702238256
10.1702238256
10.1702238256
10.1702238256
8.26851939354
8.26851939354
8.26851939354
8.26851939354
8.26851939354
8.26851939354
8.26851939354
8.26851939354
6.76875321078
6.76875321078
6.76875321078
6.76875321078
6.76875321078
6.76875321078
6.76875321078
6.76875321078
6.76875321078
5.27649818845
5.27649818845
5.27649818845
5.27649818845
5.27649818845
5.27649818845
3.57168003278
3.57168003278
3.57168003278
3.57168003278
3.57168003278
3.57168003278
3.57168003278
3.57168003278
3.57168003278
3.57168003278
3.57168003278
3.57168003278
3.28990770134
2.63573390034
2.63573390034
2.63573390034
0.956687173672
0.956687173672
0.956687173672
0.956687173672
0.956687173672
0.941760010329
0.941760010329
0.941760010329
0.941760010329
0.941760010329
0.941760010329
0.941760010329
0.941760010329
0.941760010329
0.556304521881
0.556304521881
0.556304521881
0.556304521881
0.556304521881
0.512396711652
0.512396711652
0.253418791456
0.253418791456
0.238555339643
0.238555339643
0.143942653103
0.143942653103
0.119015295915
0.119015295915
0.0642728845536
0.0642728845536
0.0642728845536
0.0642728845536
0.0642728845536
Tiempo de ejecucion = 0.2410636075337728
Mejor ft = 0.0642728845536
Mejor individuo[10.140042585754893, 5.98374783337508, 3.661069760231103, 1.7638333800169903]
Mejor individuo (varianzas)[0.004316675241316111, 0.006849504643919618, 0.012388612553104092, 0.0030932938863076445]
