5231.98613069
5231.98613069
2009.60264679
2009.60264679
2009.60264679
2009.60264679
2009.60264679
2009.60264679
2009.60264679
2009.60264679
2009.60264679
1867.05703773
1867.05703773
1867.05703773
1867.05703773
1867.05703773
699.604094032
699.604094032
210.578645101
189.748864989
132.171342791
104.094576235
86.0963372913
76.1258265433
76.1258265433
73.6730587032
55.7639237061
34.0683338747
34.0683338747
18.8043968215
18.8043968215
17.9083698132
12.1896410548
8.30329310332
8.30329310332
8.30329310332
8.30329310332
8.30329310332
8.30329310332
8.30329310332
8.30329310332
8.30329310332
8.30329310332
8.30329310332
8.30329310332
8.30329310332
8.30329310332
8.30329310332
8.30329310332
8.30329310332
8.30329310332
8.30329310332
8.30329310332
8.30329310332
8.30329310332
4.31351702471
4.31351702471
4.31351702471
4.31351702471
4.31351702471
4.31351702471
4.31351702471
4.31351702471
4.31351702471
3.86954956977
3.69800321017
1.6312649428
1.6312649428
1.6312649428
1.6312649428
1.6312649428
1.6312649428
1.61080100906
1.61080100906
1.22293004738
1.22293004738
1.22293004738
1.22293004738
1.22293004738
0.271046985043
0.271046985043
0.271046985043
0.271046985043
0.271046985043
0.271046985043
0.271046985043
0.108278829634
0.108278829634
0.0167086100322
0.0167086100322
0.0167086100322
0.00687197701984
0.00687197701984
0.00331699077338
0.00184859751695
0.000559560515036
0.000559560515036
0.000559560515036
0.000559560515036
0.000559560515036
0.000559560515036
0.000219036773714
0.000105828594783
0.000105828594783
5.72549337932e-05
4.57996799099e-05
1.06090623575e-05
7.88372088323e-06
6.74281478297e-06
5.55884150089e-06
4.96767913205e-06
1.92608137439e-06
6.46009851835e-07
6.46009851835e-07
3.11218066429e-07
3.11218066429e-07
1.02162076132e-07
2.0701456549e-08
2.0701456549e-08
2.0701456549e-08
1.12330411639e-08
1.12330411639e-08
1.12330411639e-08
3.33176330969e-09
3.33176330969e-09
3.33176330969e-09
6.87791157361e-10
6.87791157361e-10
6.87791157361e-10
6.87791157361e-10
6.75257183502e-10
1.21147536447e-10
1.21147536447e-10
1.21147536447e-10
1.21147536447e-10
1.21147536447e-10
4.49205117548e-11
2.68514099844e-11
1.40829570228e-11
6.55120402371e-12
6.17461637376e-12
6.17461637376e-12
2.34479102801e-13
2.34479102801e-13
2.34479102801e-13
2.34479102801e-13
2.34479102801e-13
2.34479102801e-13
2.34479102801e-13
8.52651282912e-14
Tiempo de ejecucion = 0.25316453774770104
Mejor ft = 8.52651282912e-14
Mejor individuo[10.123456798670304, 5.987654014604528, 3.6666659924154423, 1.765432091374548]
Mejor individuo (varianzas)[2.1836736608127532e-07, 1.0204497073618394e-08, 6.097621130191306e-08, 3.836125993743288e-08]
