4993.79719725
4993.79719725
4993.79719725
4993.79719725
4993.79719725
4993.79719725
4993.79719725
4993.79719725
4993.79719725
4993.79719725
4430.92161847
4430.92161847
4430.92161847
4430.92161847
4430.92161847
4430.92161847
4430.92161847
4430.92161847
3404.45603153
3404.45603153
3404.45603153
3404.45603153
3404.45603153
3404.45603153
3404.45603153
1255.68812888
1255.68812888
1255.68812888
1255.68812888
1255.68812888
1255.68812888
1255.68812888
1255.68812888
1255.68812888
905.147076215
905.147076215
722.62464485
722.62464485
722.62464485
722.62464485
722.62464485
722.62464485
722.62464485
578.598170201
578.598170201
558.847017327
115.881870759
115.881870759
115.881870759
115.881870759
78.8452989478
78.8452989478
78.8452989478
78.8452989478
46.1809277379
46.1809277379
46.1809277379
46.1809277379
46.1809277379
46.1809277379
39.2315661632
37.326046061
32.1571079884
26.6008358881
26.6008358881
26.6008358881
26.6008358881
23.7772284519
20.1246196117
20.1246196117
12.201724909
12.201724909
12.201724909
12.201724909
12.201724909
12.201724909
12.201724909
5.30984438501
5.30984438501
5.30984438501
5.30984438501
5.30984438501
5.30984438501
5.30984438501
5.30984438501
5.30984438501
5.30984438501
5.30984438501
5.30984438501
5.30984438501
5.30984438501
5.30984438501
5.30984438501
5.30984438501
5.30984438501
5.30984438501
5.30984438501
5.30984438501
5.30984438501
5.30984438501
5.30984438501
5.30984438501
5.30984438501
5.30984438501
5.30984438501
5.30984438501
5.30984438501
5.30984438501
5.30984438501
5.30984438501
5.30984438501
4.29227904126
4.29227904126
4.29227904126
4.29227904126
4.29227904126
4.29227904126
4.29227904126
4.29227904126
4.29227904126
4.29227904126
4.29227904126
4.29227904126
4.29227904126
4.29227904126
4.29227904126
4.29227904126
4.29227904126
4.29227904126
4.29227904126
4.29227904126
4.29227904126
4.29227904126
4.29227904126
4.29227904126
4.29227904126
4.29227904126
4.29227904126
4.29227904126
4.29227904126
4.29227904126
4.29227904126
4.29227904126
4.29227904126
4.29227904126
4.29227904126
4.29227904126
4.29227904126
4.29227904126
4.29227904126
Tiempo de ejecucion = 0.2568277645111084
Mejor ft = 4.29227904126
Mejor individuo[11.202960045543279, 5.918662236636261, 3.688541430727482, 1.832546375167651]
Mejor individuo (varianzas)[0.06634051199885928, 1.4388443692431172, 0.28848079965717977, 2.498784436910441]
