4535.79894291
4535.79894291
4535.79894291
4535.79894291
4535.79894291
4535.79894291
4535.79894291
4535.79894291
1647.63423812
1647.63423812
708.582692684
708.582692684
708.582692684
708.582692684
708.582692684
593.057457692
393.600466497
393.600466497
328.464432438
262.7139923
174.968707469
120.68674349
106.58491182
59.281747619
59.281747619
44.6174330175
40.4794092507
32.3749265972
22.0691273095
15.550702869
15.550702869
15.550702869
15.550702869
5.06985561497
5.06985561497
5.06985561497
5.06985561497
5.06985561497
5.06985561497
5.06985561497
5.06985561497
5.06985561497
5.06985561497
5.06985561497
5.06985561497
5.06985561497
5.06985561497
5.06985561497
5.06985561497
5.06985561497
5.06985561497
5.06985561497
5.06985561497
5.06985561497
5.06985561497
5.06985561497
5.06985561497
5.06985561497
5.06985561497
5.06985561497
5.06985561497
5.06985561497
5.06985561497
5.06985561497
5.06985561497
1.26833834263
1.26833834263
1.26833834263
1.26833834263
1.26833834263
1.26833834263
1.26833834263
1.26833834263
1.26833834263
1.26833834263
1.26833834263
1.26833834263
1.26833834263
1.26833834263
1.26833834263
1.26833834263
1.26833834263
1.26833834263
1.26833834263
1.26833834263
1.26833834263
1.26833834263
1.26833834263
1.26833834263
1.26833834263
1.26833834263
1.26833834263
1.26833834263
1.26833834263
0.713640776084
0.713640776084
0.713640776084
0.713640776084
0.713640776084
0.713640776084
0.710135258755
0.405179722492
0.0466792324098
0.0466792324098
0.0351467631789
0.0351467631789
0.0126093666758
0.011656145063
0.0052100997459
0.00498480651294
0.00154902654426
0.00100732413468
0.000934018959896
0.000611350277474
0.00011090430985
8.72509297309e-05
5.38845508942e-05
5.38845508942e-05
8.26017613065e-06
8.26017613065e-06
8.26017613065e-06
8.26017613065e-06
6.05804059006e-06
2.5710989533e-06
2.5710989533e-06
7.89787236499e-07
7.89787236499e-07
1.94774251838e-07
9.61666941635e-08
9.61666941635e-08
9.61666941635e-08
8.48223891126e-08
5.87280055697e-08
5.87280055697e-08
3.3455933135e-08
2.12900701513e-08
1.47997454292e-08
3.64409658005e-09
1.06354747231e-09
1.06354747231e-09
1.01425712273e-09
1.01425712273e-09
2.04551042771e-10
2.04551042771e-10
1.2111200931e-10
1.2111200931e-10
3.05746539198e-11
3.05746539198e-11
1.19584342428e-11
8.72546479513e-12
Tiempo de ejecucion = 0.2435512113571167
Mejor ft = 8.72546479513e-12
Mejor individuo[10.123456803595486, 5.9876539140204805, 3.6666658221971127, 1.7654320310020046]
Mejor individuo (varianzas)[3.9776269513947373e-07, 2.565788580453933e-07, 1.2803917472123082e-08, 2.1049867734090236e-07]
