2779.91299357
2779.91299357
2779.91299357
2779.91299357
2779.91299357
2779.91299357
2779.91299357
2779.91299357
2779.91299357
2779.91299357
2779.91299357
2779.91299357
2779.91299357
2779.91299357
2779.91299357
2672.09375243
2672.09375243
2672.09375243
2672.09375243
370.203985416
370.203985416
370.203985416
370.203985416
370.203985416
370.203985416
370.203985416
370.203985416
370.203985416
370.203985416
370.203985416
370.203985416
321.876843878
321.876843878
321.876843878
189.031960452
74.9291423615
74.9291423615
66.9692273282
57.4293387419
40.9799054287
40.9799054287
25.4644580237
25.4644580237
25.4644580237
18.0355391004
15.6374822717
10.5675368801
10.5675368801
10.5675368801
10.5675368801
7.61961370122
7.61961370122
7.61961370122
7.61961370122
7.61961370122
7.61961370122
7.61961370122
7.61961370122
7.61961370122
7.61961370122
7.61961370122
7.61961370122
7.61961370122
7.61961370122
7.61961370122
7.61961370122
7.61961370122
7.61961370122
7.61961370122
7.61961370122
7.61961370122
7.61961370122
7.61961370122
7.61961370122
7.61961370122
7.61961370122
7.61961370122
7.61961370122
7.61961370122
6.5051051525
6.5051051525
6.5051051525
6.5051051525
6.5051051525
6.5051051525
1.39776384507
1.39776384507
1.39776384507
1.39776384507
1.39776384507
1.2117072794
1.2117072794
1.2117072794
0.940167988579
0.940167988579
0.446255679751
0.203776851623
0.195492516794
0.112899839481
0.112899839481
0.0537137545622
0.0394119699039
0.0068327848532
0.0068327848532
0.0068327848532
0.00262035561218
0.00262035561218
0.00262035561218
0.00175094470276
0.00175094470276
0.00175094470276
0.000981748268927
0.000740670510964
0.000635289091804
0.000635289091804
0.000558548668195
0.000288115091138
0.000154570765574
5.43346237123e-05
5.43346237123e-05
1.97530328734e-05
1.45155556837e-05
6.80821931809e-06
1.11785472257e-06
1.11785472257e-06
1.11785472257e-06
1.11785472257e-06
1.11785472257e-06
1.11785472257e-06
3.86466560087e-07
3.16371504994e-07
1.94197319558e-07
1.94197319558e-07
8.06302296041e-08
4.48744188475e-08
4.48744188475e-08
1.79957169166e-08
1.79957169166e-08
9.6179206821e-09
6.0282729919e-09
3.88780563298e-09
2.9422579928e-09
2.9422579928e-09
2.66717137265e-09
2.66717137265e-09
1.31993971308e-09
8.77669492638e-10
5.89636783843e-10
4.17557544097e-10
7.04432068233e-11
7.04432068233e-11
7.04432068233e-11
3.52571305484e-11
3.1633362596e-11
1.55111479216e-11
2.245315045e-12
1.81188397619e-12
1.81188397619e-12
9.09494701773e-13
8.66862137627e-13
2.27373675443e-13
8.52651282912e-14
8.52651282912e-14
2.13162820728e-14
7.1054273576e-15
7.1054273576e-15
7.1054273576e-15
0.0
Tiempo de ejecucion = 18.995023488998413
Numero de evaluaciones = 8450
Mejor ft = 0.0
Mejor individuo [10.12345678990775, 5.98765399953402, 3.6666660033459184, 1.7654321009154226]
Mejor individuo (varianzas) [1.3727855833760253e-08, 1.3108225057454017e-09, 3.431390703572674e-09, 1.4132828031159943e-09]
