21011.3489666
21011.3489666
21011.3489666
21011.3489666
21011.3489666
21011.3489666
21011.3489666
21011.3489666
21011.3489666
21011.3489666
21011.3489666
21011.3489666
21011.3489666
19801.8542843
19801.8542843
19801.8542843
19801.8542843
19801.8542843
19801.8542843
19801.8542843
19801.8542843
19801.8542843
19801.8542843
19801.8542843
19801.8542843
19801.8542843
19801.8542843
19801.8542843
19801.8542843
19801.8542843
19801.8542843
19801.8542843
19801.8542843
19801.8542843
19511.148015
19511.148015
15800.4062687
15800.4062687
9840.01414619
9840.01414619
9840.01414619
5900.38575833
3785.40198396
3785.40198396
1716.24980754
1144.07142348
549.803523902
522.162583399
291.50359113
276.478585215
185.159629482
173.296780077
116.448152905
87.8525272225
87.8525272225
77.6836345214
76.5928522245
71.4041248154
49.6871627621
49.6871627621
49.6871627621
49.6871627621
38.3918593465
38.1758397046
35.6154009035
35.6154009035
35.6154009035
35.6154009035
23.1755686595
23.1755686595
23.1755686595
23.1755686595
23.1755686595
22.991521488
22.991521488
22.991521488
22.991521488
22.991521488
22.7237779219
22.7237779219
22.7237779219
22.4798858523
22.4798858523
14.2529491601
14.2529491601
14.2529491601
14.2529491601
14.2529491601
14.2529491601
14.2529491601
14.2529491601
14.2529491601
14.2529491601
14.2529491601
14.2529491601
14.2529491601
14.2529491601
12.470338978
12.470338978
6.61014803196
6.61014803196
6.61014803196
6.61014803196
6.61014803196
6.61014803196
6.61014803196
6.61014803196
6.61014803196
6.61014803196
4.0079292985
4.0079292985
4.0079292985
4.0079292985
3.5435466944
2.86693499672
1.65459789899
0.572049268041
0.572049268041
0.198062300649
0.150530353496
0.119647414636
0.0310382505512
0.0107959751411
0.0107959751411
0.00549959264106
0.0016645989856
0.0016645989856
0.000722142752352
0.000456248468367
0.000206417331484
0.000206417331484
0.000178097868826
0.000106902702072
3.84051268725e-05
2.11918192861e-05
1.66546798823e-05
8.18950873338e-06
7.78670516866e-06
4.7520347124e-06
1.84506188816e-06
8.77332453797e-07
8.09677516145e-07
3.67523753653e-07
2.39769804011e-07
1.26710332893e-07
6.23449523118e-08
4.97575172176e-08
2.98257845088e-08
9.96581661639e-09
9.96581661639e-09
3.36038397108e-09
3.04771674564e-09
1.44611078667e-09
4.43392877969e-10
2.49926301876e-10
1.04407149593e-10
1.04407149593e-10
7.94813104221e-11
4.3812065087e-11
2.20268248086e-11
1.7067236513e-11
6.94910795573e-12
4.13535872212e-12
5.54223333893e-13
5.54223333893e-13
3.2684965845e-13
2.27373675443e-13
1.70530256582e-13
7.1054273576e-14
1.42108547152e-14
1.42108547152e-14
1.42108547152e-14
0.0
0.0
0.0
0.0
0.0
0.0
0.0
0.0
0.0
0.0
0.0
0.0
0.0
0.0
0.0
0.0
0.0
0.0
0.0
0.0
0.0
0.0
0.0
0.0
0.0
0.0
0.0
0.0
Tiempo de ejecucion = 5.83750745177269
Mejor ft = 0.0
Mejor individuo[3.2234567877313838, 3.4876540006143433, 1.324663000436026, 1.7654321001180886, 0.43244343081051007, 2.684328416110028e-10, 0.3431999994851875, 0.9345435010817728, 0.234529996712623, 3.9382400038681564]
Mejor individuo (varianzas)[4.563051744934708e-11, 4.1252087812772417e-10, 1.7924049979109786e-09, 1.4647125864375455e-10, 1.0913702756163797e-10, 5.022081030983624e-10, 9.237128520465989e-11, 2.49436911505811e-10, 1.6296112983904955e-09, 4.3504172476067166e-09]
