704.931424995
704.931424995
704.931424995
704.931424995
704.931424995
704.931424995
704.931424995
704.931424995
704.931424995
704.931424995
704.931424995
704.931424995
704.931424995
704.931424995
704.931424995
704.931424995
704.931424995
424.371390453
424.371390453
424.371390453
424.371390453
424.371390453
375.189994889
283.298199763
266.334349614
215.182306582
141.646578253
74.3960657721
34.1017657628
34.1017657628
11.7059035408
11.7059035408
11.7059035408
11.7059035408
11.5347242475
5.94249666308
5.94249666308
5.85939459333
5.85939459333
4.76338952148
4.76338952148
4.76338952148
4.76338952148
2.98595083536
2.8848260019
2.33568451325
1.64766610251
1.64766610251
1.43841255299
1.43841255299
1.17097324107
1.01685052576
1.00760616055
1.00760616055
1.00035180516
0.997913349561
0.997006178626
0.995232573481
0.995232573481
0.995165888971
0.995165888971
0.995048817199
0.99500100293
0.994970686268
0.99496953855
0.994963756136
0.994961295107
0.994961295107
0.994959478102
0.994959478102
0.994959205315
0.99495912466
0.994959068146
0.994959068146
0.994959063039
0.994959061694
0.994959059912
0.994959058789
0.994959057239
0.994959057176
0.994959057122
0.994959057105
0.994959057095
0.994959057095
0.994959057094
0.994959057094
0.994959057093
0.994959057093
0.994959057093
0.994959057093
0.994959057093
0.994959057093
0.994959057093
0.994959057093
0.994959057093
0.994959057093
0.994959057093
0.994959057093
0.994959057093
0.994959057093
0.994959057093
0.994959057093
0.994959057093
0.994959057093
0.994959057093
0.994959057093
0.994959057093
0.994959057093
0.994959057093
0.994959057093
0.994959057093
0.994959057093
0.994959057093
0.994959057093
0.994959057093
0.994959057093
0.994959057093
0.994959057093
0.994959057093
0.994959057093
0.994959057093
0.994959057093
0.994959057093
0.994959057093
0.994959057093
0.994959057093
0.994959057093
0.994959057093
0.994959057093
0.994959057093
0.994959057093
0.994959057093
0.994959057093
0.994959057093
0.994959057093
0.994959057093
0.994959057093
0.994959057093
0.994959057093
0.994959057093
0.994959057093
0.994959057093
0.994959057093
0.994959057093
0.994959057093
0.994959057093
0.994959057093
0.994959057093
0.994959057093
0.994959057093
Tiempo de ejecucion = 61.7744562625885
Numero de evaluaciones = 27120
Mejor ft = 0.994959057093
Mejor individuo [10.123456793617091, 6.982612640552611, 3.6666660014712313, 1.7654321005771867]
Mejor individuo (varianzas) [3.325996893874452e-11, 1.3485212316781523e-12, 1.6286249653058393e-12, 3.34820486298575e-09]
