11187.2374342
11187.2374342
11187.2374342
11187.2374342
5960.53463191
5960.53463191
5960.53463191
5960.53463191
5378.65341863
4101.97089773
4101.97089773
4101.97089773
4101.97089773
4101.97089773
4101.97089773
4101.97089773
1175.04034692
1175.04034692
1027.7425223
1027.7425223
1027.7425223
159.871377449
159.871377449
159.871377449
159.871377449
159.871377449
159.871377449
159.871377449
159.871377449
159.871377449
159.871377449
159.871377449
159.871377449
159.871377449
159.871377449
159.871377449
159.871377449
159.871377449
159.871377449
159.871377449
159.871377449
159.871377449
159.871377449
159.871377449
159.871377449
159.871377449
159.871377449
159.871377449
159.871377449
159.871377449
159.871377449
159.871377449
52.2469727392
52.2469727392
52.2469727392
52.2469727392
52.2469727392
52.2469727392
52.2469727392
52.2469727392
52.2469727392
52.2469727392
52.2469727392
47.0830995564
47.0830995564
33.091882758
33.091882758
33.091882758
33.091882758
30.5626344743
30.5626344743
30.5626344743
30.5626344743
26.887270001
26.887270001
26.887270001
26.887270001
18.7038565578
18.7038565578
17.1162818033
17.1162818033
17.1162818033
17.1162818033
17.1162818033
16.7686168546
10.2023043594
6.95680142892
6.95680142892
6.95680142892
6.95680142892
6.95680142892
6.95680142892
6.95680142892
6.95680142892
6.95680142892
6.95680142892
6.95680142892
6.95680142892
6.95680142892
6.95680142892
6.95680142892
6.95680142892
6.95680142892
6.95680142892
6.95680142892
3.71962378756
3.71962378756
3.71962378756
3.71962378756
3.71962378756
3.71962378756
3.71962378756
3.71962378756
3.71962378756
3.71962378756
3.71962378756
3.71962378756
3.71962378756
3.71962378756
3.71962378756
3.71962378756
3.71962378756
3.71962378756
3.71962378756
3.71962378756
3.71962378756
3.71962378756
3.71962378756
3.71962378756
3.71962378756
3.71962378756
3.71962378756
3.71962378756
3.71962378756
3.71962378756
3.71962378756
3.71962378756
3.71962378756
3.71962378756
3.71962378756
3.71962378756
3.71962378756
3.71962378756
3.71962378756
3.71962378756
3.71962378756
1.8543240595
1.8543240595
1.8543240595
1.8543240595
Tiempo de ejecucion = 0.13173222223917644
Mejor ft = 1.8543240595
Mejor individuo[10.18222843562586, 5.953925196639348, 3.6942577043297065, 1.701453403763895]
Mejor individuo (varianzas)[0.04658107536703856, 0.033934668249982265, 0.1574374790750013, 0.31282966528876394]
