3894.97820635
3894.97820635
3894.97820635
2854.07274526
2854.07274526
2120.2395403
2120.2395403
2110.67059215
413.959758982
413.959758982
413.959758982
413.959758982
125.72833132
48.7877035068
48.7877035068
48.7877035068
36.5051067249
22.6672265387
14.3872466583
9.77319325397
6.97010953985
4.39773836068
4.39773836068
4.39773836068
4.39773836068
4.39773836068
4.39773836068
4.39773836068
3.81989128863
2.31992599359
2.31992599359
2.31992599359
2.31992599359
2.31992599359
2.31992599359
2.31992599359
2.31992599359
1.76201830599
1.47973609274
1.47973609274
1.47973609274
1.47973609274
1.47973609274
1.47973609274
1.47973609274
1.47973609274
1.47973609274
0.80802233814
0.770321235161
0.770321235161
0.195915815853
0.049342664275
0.049342664275
0.0474502612976
0.0474502612976
0.0201844852875
0.00402645515919
0.00260997087907
0.000292829961097
0.000292829961097
3.96277551715e-05
3.96277551715e-05
3.96277551715e-05
1.46386175714e-05
1.30651248114e-05
7.64087715766e-06
2.49160360966e-06
3.60980671132e-07
4.55659261434e-08
4.55659261434e-08
1.63200013503e-08
2.96678592804e-09
1.37385569587e-09
6.86881662659e-10
3.49324125182e-10
1.52624579641e-10
1.1576162251e-10
5.99627014708e-11
1.39976918945e-11
2.08189021578e-12
2.08189021578e-12
2.08189021578e-12
1.29318777908e-12
2.84217094304e-13
1.91846538655e-13
7.1054273576e-14
1.42108547152e-14
1.42108547152e-14
0.0
0.0
0.0
0.0
0.0
0.0
0.0
0.0
0.0
0.0
0.0
0.0
0.0
0.0
0.0
0.0
0.0
0.0
0.0
0.0
0.0
0.0
0.0
0.0
0.0
0.0
0.0
0.0
0.0
0.0
0.0
0.0
0.0
0.0
0.0
0.0
0.0
0.0
0.0
0.0
0.0
0.0
0.0
0.0
0.0
0.0
0.0
0.0
0.0
0.0
0.0
0.0
0.0
0.0
0.0
0.0
0.0
0.0
0.0
0.0
0.0
0.0
Tiempo de ejecucion = 1.4369237105051675
Mejor ft = 0.0
Mejor individuo[10.123456789035492, 5.987653999981877, 3.6666660021883177, 1.765432099752443]
Mejor individuo (varianzas)[4.412173952930552e-12, 2.995247186392426e-10, 2.397116298394058e-09, 9.011103099315621e-12]
