2702.4349278
2702.4349278
2702.4349278
2702.4349278
2702.4349278
2702.4349278
1678.78720483
1306.06773758
1306.06773758
1306.06773758
760.609674316
760.609674316
115.071259627
115.071259627
115.071259627
115.071259627
115.071259627
82.8503284454
72.4609383512
40.7414756868
35.4986704695
22.3709763765
17.8311182482
17.8311182482
17.8311182482
14.4537928664
14.4537928664
14.4537928664
14.4537928664
10.8692205541
8.02137598381
7.12330700297
6.70442423982
6.70442423982
6.70442423982
6.70442423982
6.70442423982
4.76455802091
3.92585488308
3.92585488308
3.92585488308
3.92585488308
3.92585488308
3.92585488308
3.92585488308
3.92585488308
3.92585488308
3.92585488308
3.92585488308
3.92585488308
3.92585488308
3.92585488308
3.92585488308
3.92585488308
3.92585488308
3.92585488308
3.92585488308
2.92300114405
2.92300114405
2.92300114405
2.92300114405
2.92300114405
2.92300114405
2.92300114405
2.92300114405
2.92300114405
2.92300114405
2.92300114405
2.92300114405
1.50366401408
1.50366401408
1.50366401408
1.50366401408
1.50366401408
1.50366401408
1.50366401408
1.50366401408
1.50366401408
1.50366401408
1.50366401408
1.50366401408
1.50366401408
1.50366401408
1.50366401408
1.50366401408
1.50366401408
1.50366401408
1.50366401408
1.50366401408
1.50366401408
1.50366401408
1.50366401408
1.50366401408
1.50366401408
1.50366401408
1.50366401408
1.50366401408
1.50366401408
1.50366401408
1.50366401408
1.50366401408
1.50366401408
1.50366401408
1.50366401408
1.10887058152
1.10887058152
1.10887058152
1.10887058152
1.10887058152
1.10887058152
1.10887058152
1.10887058152
0.871024521293
0.871024521293
0.871024521293
0.871024521293
0.871024521293
0.837083146447
0.837083146447
0.646000563419
0.646000563419
0.646000563419
0.185695259867
0.185695259867
0.185695259867
0.136740395243
0.136740395243
0.136740395243
0.136740395243
0.136740395243
0.0360086744674
0.0360086744674
0.0360086744674
0.0359194817121
0.019562150981
0.019562150981
0.019562150981
0.019562150981
0.019562150981
0.0121752349405
0.0104660630366
0.00418691163158
0.00271248535456
0.00118036861436
0.00042549921379
0.00042549921379
0.000305129514892
0.000305129514892
0.000104067243683
5.87662003824e-05
Tiempo de ejecucion = 0.5475579992930094
Mejor ft = 5.87662003824e-05
Mejor individuo[10.123764894876471, 5.987648138566216, 3.6665415389130063, 1.7650011030012136]
Mejor individuo (varianzas)[0.0015853273231196089, 0.0015472180209049888, 0.0002310942151701511, 0.0003675777167025628]
