2691.38965998
2691.38965998
2691.38965998
2691.38965998
2691.38965998
2691.38965998
2691.38965998
2691.38965998
2691.38965998
1972.26811593
1972.26811593
1167.65356376
1167.65356376
546.568646865
546.568646865
546.568646865
256.002042862
256.002042862
93.6640524308
55.8832201631
46.0767875601
42.3908325814
38.7694035092
18.6339211026
18.6339211026
15.5679537635
15.5679537635
10.0184136007
10.0184136007
10.0184136007
10.0184136007
3.28653885332
3.28653885332
3.28653885332
3.28653885332
3.28653885332
3.28653885332
3.28653885332
3.28653885332
3.28653885332
3.28653885332
3.28653885332
3.28653885332
3.28653885332
3.15058756246
2.7073533945
2.56075518218
2.56075518218
2.08759465994
2.08759465994
2.0255478682
2.0255478682
1.99727079105
1.99727079105
1.99727079105
1.99727079105
1.99727079105
1.99179657634
1.99179657634
1.99179657634
1.99179657634
1.99179657634
1.99007194719
1.99007194719
1.99007194719
1.99003666937
1.98994540651
1.98992609494
1.98992609494
1.98992609494
1.98992609494
1.98992377898
1.98991971304
1.989918868
1.989918868
1.98991825545
1.98991819017
1.98991814953
1.98991814485
1.98991812196
1.98991811447
1.98991811447
1.98991811447
1.98991811447
1.98991811447
1.98991811447
1.98991811445
1.98991811431
1.98991811428
1.98991811425
1.98991811424
1.9899181142
1.98991811419
1.98991811419
1.98991811419
1.98991811419
1.98991811419
1.98991811419
1.98991811419
1.98991811419
1.98991811419
1.98991811419
1.98991811419
1.98991811419
1.98991811419
1.98991811419
1.98991811419
1.98991811419
1.98991811419
1.98991811419
1.98991811419
1.98991811419
1.98991811419
1.98991811419
1.98991811419
1.98991811419
1.98991811419
1.98991811419
1.98991811419
1.98991811419
1.98991811419
1.98991811419
1.98991811419
1.98991811419
1.98991811419
1.98991811419
1.98991811419
1.98991811419
1.98991811419
1.98991811419
1.98991811419
1.98991811419
1.98991811419
1.98991811419
1.98991811419
1.98991811419
1.98991811419
1.98991811419
1.98991811419
1.98991811419
1.98991811419
1.98991811419
1.98991811419
1.98991811419
1.98991811419
1.98991811419
1.98991811419
1.98991811419
1.98991811419
1.98991811419
Tiempo de ejecucion = 0.40239897251129153
Mejor ft = 1.98991811419
Mejor individuo[11.118415392375727, 5.987654022456866, 3.6666659746587795, 0.7704734802129949]
Mejor individuo (varianzas)[1.58225799613326e-08, 5.447728540308833e-10, 6.233618440396145e-10, 1.4207360080869721e-08]
