6170.56243996
6170.56243996
6170.56243996
6170.56243996
6170.56243996
4572.839297
4456.32261967
3055.2404492
1201.87940508
1201.87940508
1201.87940508
1201.87940508
910.836344255
197.334027678
197.334027678
197.334027678
197.334027678
197.334027678
197.334027678
197.334027678
197.334027678
197.334027678
165.856121091
113.311454999
99.9406198447
99.9406198447
58.1878306702
58.1878306702
58.1878306702
58.1878306702
43.1222621693
43.1222621693
38.5327758725
38.5327758725
19.8161973302
19.8161973302
19.8161973302
19.8161973302
19.8161973302
11.3559386076
11.3559386076
11.3559386076
11.3559386076
11.3559386076
11.3559386076
11.3559386076
4.53842285303
4.53842285303
4.53842285303
4.53842285303
4.53842285303
2.25170712006
2.25170712006
2.25170712006
2.25170712006
2.25170712006
2.25170712006
2.25170712006
2.25170712006
2.25170712006
2.25170712006
2.25170712006
2.25170712006
2.25170712006
2.25170712006
2.25170712006
2.25170712006
2.25170712006
2.25170712006
2.11612453696
2.11612453696
2.11612453696
1.68983349008
1.68983349008
1.12228137985
1.12228137985
1.12228137985
1.12228137985
1.12228137985
1.12228137985
1.11449155897
1.11449155897
1.11449155897
0.954921302458
0.223790520795
0.223790520795
0.219575539392
0.0614169456403
0.0614169456403
0.0614169456403
0.0480756971341
0.0480756971341
0.0213127314284
0.00405746744994
0.00240108292258
0.00240108292258
0.000818514494327
0.000165051179351
0.000165051179351
0.000165051179351
0.000165051179351
8.93355254021e-05
6.43091394181e-05
1.20854886774e-05
1.20854886774e-05
1.20854886774e-05
1.11519483852e-05
8.02532279209e-06
4.52030239018e-06
3.16244701537e-06
2.73547065888e-07
2.73547065888e-07
2.73547065888e-07
1.88516565913e-07
1.69808274109e-07
1.14903002668e-07
8.33441049508e-09
8.33441049508e-09
8.33441049508e-09
3.29480087657e-09
3.29480087657e-09
1.12797238216e-09
4.83098006043e-10
4.04305922075e-10
4.04305922075e-10
1.07185371689e-10
1.07185371689e-10
1.07185371689e-10
1.03341335489e-10
1.86801685231e-11
4.10693701269e-12
4.10693701269e-12
4.10693701269e-12
3.28270743921e-12
5.54223333893e-13
5.54223333893e-13
1.35003119794e-13
1.35003119794e-13
1.35003119794e-13
1.35003119794e-13
8.52651282912e-14
5.68434188608e-14
1.42108547152e-14
1.42108547152e-14
1.42108547152e-14
1.42108547152e-14
1.42108547152e-14
1.42108547152e-14
1.42108547152e-14
1.42108547152e-14
Tiempo de ejecucion = 0.26725533962249753
Mejor ft = 1.42108547152e-14
Mejor individuo[10.123456786079574, 5.9876540028029, 3.666665996235186, 1.7654320933009284]
Mejor individuo (varianzas)[1.826271783019585e-08, 3.1442314754309507e-08, 6.106864613414248e-09, 9.329384649904919e-09]
