4438.83126701
3528.54149456
3528.54149456
3528.54149456
3528.54149456
3463.05455393
3463.05455393
3463.05455393
3463.05455393
399.683179221
399.683179221
399.683179221
399.683179221
399.683179221
399.683179221
399.683179221
399.683179221
399.683179221
399.683179221
399.683179221
399.683179221
399.683179221
399.683179221
399.683179221
113.814633133
113.814633133
63.2992783898
33.885459909
30.5270702422
10.2946399599
10.2946399599
10.2946399599
2.72312276681
1.96480973254
1.96480973254
1.96480973254
1.96480973254
1.96480973254
1.96480973254
1.96480973254
1.96480973254
1.96480973254
1.96480973254
1.96480973254
1.96480973254
1.96480973254
1.96480973254
1.96480973254
1.96480973254
1.96480973254
1.96480973254
1.96480973254
1.96480973254
1.96480973254
1.96480973254
1.96480973254
1.96480973254
1.96480973254
1.96480973254
1.96480973254
1.96480973254
1.0093264048
1.0093264048
1.0093264048
1.0093264048
1.0093264048
0.813251862184
0.79642066435
0.79642066435
0.177664734804
0.104006631726
0.104006631726
0.031609800393
0.031609800393
0.011495185415
0.0108865592599
0.0036403051557
0.00335571920323
0.000948405880074
0.00073547259322
0.000342529345211
0.000109350728927
9.56199029432e-05
4.83649886007e-06
4.83649886007e-06
4.83649886007e-06
3.28171434916e-06
8.07201978148e-07
5.29737931743e-07
3.4625020362e-07
6.58150156596e-08
6.48632365596e-08
1.91919156123e-08
4.56306281649e-09
8.42305780679e-10
8.42305780679e-10
3.46872752743e-10
1.14056319944e-10
5.15640863341e-11
1.23918653117e-11
6.4517280407e-12
5.75539615966e-12
1.3571366253e-12
1.3571366253e-12
4.12114786741e-13
2.55795384874e-13
2.84217094304e-14
2.84217094304e-14
1.42108547152e-14
7.1054273576e-15
7.1054273576e-15
0.0
Tiempo de ejecucion = 37.247469902038574
Numero de evaluaciones = 16900
Mejor ft = 0.0
Mejor individuo [10.123456786540906, 5.987654001771139, 3.666666000402322, 1.765432098772264]
Mejor individuo (varianzas) [8.203856383519816e-10, 1.2497876915416676e-08, 5.099889439459433e-09, 1.5020054367313185e-09]
